,step,Opt_val,Eval_val,Loss_val,Violations,A_norm,Violation_val,Violation_train,Test_val,Eps_vals,mu,lam,alpha,alphagrad,dfnorm,gradnorm
0,0,-37.137792531767765,18.676618706843197,-8.514822685466916,0.02666666731238365,1.0,3.1308639131674876,1.9305455013929478,-37.137792531767765,1.0,5.05,19.652727506964737,0.0,tensor(3546.0991),226.53366923223075,"tensor(15495.5867, dtype=torch.float64)"
1,1,-36.695384063296196,45.12138800982755,9.082286945782672,0.02666666731238365,1.0022704800941888,3.003837411011868,1.8767803288085796,-36.695384063296196,1.0022704800941888,5.1005,29.130468167448065,-0.0001528545399196446,tensor(3546.0991),360.3399787690796,"tensor(15495.5867, dtype=torch.float64)"
2,2,-35.62954534723386,61.76837288508878,23.054879724869963,0.019999999552965164,1.0077404603550146,2.703596553684995,1.7472657932252587,-35.62954534723386,1.0077404603550146,5.151505,38.042397345793496,-0.0005017084768041968,tensor(3546.0991),488.50119743248797,"tensor(15495.5867, dtype=torch.float64)"
3,3,-33.788470403755596,66.28740810057911,30.15081501612452,0.019999999552965164,1.0171890227352316,2.2789840509233255,1.5235705352959874,-33.788470403755596,1.0171890227352316,5.20302005,45.89107857622345,-0.00107667688280344,tensor(3546.0991),610.095659703722,"tensor(15495.5867, dtype=torch.float64)"
4,4,-31.034041692493666,59.75301022630464,29.520444566044326,0.013333333656191826,1.0313249988918212,1.7955510496275142,1.2333009012935505,-31.034041692493666,1.0313249988918212,5.2550502505,52.307967893336865,-0.0018935822881758213,tensor(3546.0991),560.3763060078854,"tensor(15495.5867, dtype=torch.float64)"
5,5,-27.580129177822656,50.229421850968286,23.804360173955708,0.006666666828095913,1.0490507889039675,1.3904165889983882,0.9381363309527176,-27.580129177822656,1.0490507889039675,5.3076007530050004,57.237921454313096,-0.0029771942645311356,tensor(3546.0991),318.6339700620265,"tensor(15495.5867, dtype=torch.float64)"
6,6,-24.02548257451933,43.16749259855248,21.584596457658,0.006666666828095913,1.067293555319888,1.1161624914922241,0.7694038351605567,-24.02548257451933,1.067293555319888,5.360676760535051,61.321609829176204,-0.004365584813058376,tensor(3546.0991),144.8014742921623,"tensor(15495.5867, dtype=torch.float64)"
7,7,-20.76044458489408,34.21487200131371,22.449316628895534,0.006666666828095913,1.0840500242461841,0.8638875533602246,0.6841810727039768,-20.76044458489408,1.0840500242461841,5.414283528140401,64.98928340561835,-0.006062259431928396,tensor(3546.0991),160.94150904245544,"tensor(15495.5867, dtype=torch.float64)"
8,8,-20.457854857437546,36.07616716483425,24.72876402477705,0.006666666828095913,1.0856029419714,0.8404726116323628,0.6762442022607369,-20.457854857437546,1.0856029419714,5.468426363421805,68.6506612509191,-0.006260094232857227,tensor(3546.0991),174.4431368682781,"tensor(15495.5867, dtype=torch.float64)"
9,9,-20.174999438868987,37.85106139352245,26.960672961350845,0.006666666828095913,1.0870545814392276,0.8185510028100174,0.6687877542564913,-20.174999438868987,1.0870545814392276,5.523110627056023,72.30787783782895,-0.006483961828052998,tensor(3546.0991),187.45702848205474,"tensor(15495.5867, dtype=torch.float64)"
10,10,-19.90490569858748,39.523790606015744,29.145405022625965,0.006666666828095913,1.0884407268231115,0.7975886069798209,0.661634830211153,-19.90490569858748,1.0884407268231115,5.5783417333265835,75.96216019979857,-0.0067321499809622765,tensor(3546.0991),200.92045165955642,"tensor(15495.5867, dtype=torch.float64)"
11,11,-19.641848375440134,41.07644314514004,31.281340799590463,0.006666666828095913,1.089790760680798,0.7771468263546946,0.6546401457315715,-19.641848375440134,1.089790760680798,5.634125150659849,79.613966645044,-0.007003286387771368,tensor(3546.0991),214.42436998076664,"tensor(15495.5867, dtype=torch.float64)"
12,12,-19.38120088294786,42.49008504228712,33.36542441467715,0.006666666828095913,1.0911284270695492,0.7568712220747701,0.6476862877924311,-19.38120088294786,1.0911284270695492,5.6904664021664475,83.26311224883285,-0.007296271156519651,tensor(3546.0991),227.7226336936983,"tensor(15495.5867, dtype=torch.float64)"
13,13,-19.11927672161418,43.7455484086935,35.3935938955104,0.006666666828095913,1.0924726454357707,0.7364793801735381,0.6406797070007626,-19.11927672161418,1.0924726454357707,5.747371066188112,86.90887859607054,-0.007610221393406391,tensor(3546.0991),241.6385444828229,"tensor(15495.5867, dtype=torch.float64)"
14,14,-19.092674209359185,46.28374178551868,37.703045246992254,0.006666666828095913,1.0926091719209772,0.7344069389282587,0.6399666129119428,-19.092674209359185,1.0926091719209772,5.804844776849993,90.58700419044705,-0.007643641903996468,tensor(3546.0991),254.53131996580123,"tensor(15495.5867, dtype=torch.float64)"
15,15,-19.065465314494215,48.826552544555256,40.02701464310414,0.006666666828095913,1.0927488104191274,0.7322862092131586,0.6392361079494815,-19.065465314494215,1.0927488104191274,5.862893224618493,94.29767057285152,-0.007679034490138292,tensor(3546.0991),267.9118608260651,"tensor(15495.5867, dtype=torch.float64)"
16,16,-19.03745814137599,51.37211204847776,42.365067637149956,0.006666666828095913,1.0928925457527223,0.7301024851788178,0.6384833168614861,-19.03745814137599,1.0928925457527223,5.921522156864678,98.04103008531067,-0.007716359104961157,tensor(3546.0991),281.90239140688936,"tensor(15495.5867, dtype=torch.float64)"
17,17,-19.008484674344828,53.918460308913744,44.71671080844752,0.006666666828095913,1.0930412401922223,0.72784288526538,0.6377039647315632,-19.008484674344828,1.0930412401922223,5.980737378433325,101.81720824198906,-0.007755587343126535,tensor(3546.0991),295.71142457427413,"tensor(15495.5867, dtype=torch.float64)"
18,18,-18.978414405791693,56.463675675360925,47.081426741797856,0.006666666828095913,1.093195563515495,0.7254974018898028,0.6368947290476558,-18.978414405791693,1.093195563515495,6.0405447522176585,105.62630835413154,-0.007796699181199074,tensor(3546.0991),309.18302026781384,"tensor(15495.5867, dtype=torch.float64)"
19,19,-18.947150462231345,59.00590062746234,49.45868708953338,0.006666666828095913,1.093356012888149,0.7230586050378449,0.6360531418306941,-18.947150462231345,1.093356012888149,6.100950199739835,109.46841582214849,-0.007839681580662727,tensor(3546.0991),323.26194992945966,"tensor(15495.5867, dtype=torch.float64)"
20,20,-18.943895949753013,61.77410253798665,51.90801377947543,0.006666666828095913,1.0933727153388832,0.7228047226633783,0.6359655248270739,-18.943895949753013,1.0933727153388832,6.161959701737234,113.34840981786988,-0.007844165898859501,tensor(3546.0991),337.24137996327045,"tensor(15495.5867, dtype=torch.float64)"
21,21,-18.940506679754062,64.56676075034058,54.3805831059959,0.006666666828095913,1.0933901093792382,0.7225403274722245,0.6358742793748816,-18.940506679754062,1.0933901093792382,6.223579298754607,117.26664150274911,-0.007848836481571198,tensor(3546.0991),351.24613006148866,"tensor(15495.5867, dtype=torch.float64)"
22,22,-18.936976946480417,67.38392870761132,56.87655441733237,0.006666666828095913,1.0934082242872791,0.72226498109069,0.6357792593495523,-18.936976946480417,1.0934082242872791,6.285815091742153,121.22346413981452,-0.007853693328797817,tensor(3546.0991),363.4555711732464,"tensor(15495.5867, dtype=torch.float64)"
23,23,-18.93330636518843,70.22569755245183,59.396096736021335,0.006666666828095913,1.0934270620406998,0.7219786532206389,0.6356804540308258,-18.93330636518843,1.0934270620406998,6.348673242659575,125.219233931287,-0.007858737371861935,tensor(3546.0991),379.21022167798947,"tensor(15495.5867, dtype=torch.float64)"
24,24,-18.92948636457877,73.0920836624228,61.93936085998775,0.006666666828095913,1.0934466666265257,0.7216806846219024,0.6355776430510975,-18.92948636457877,1.0934466666265257,6.412159975086171,129.25430870735812,-0.007863969542086124,tensor(3546.0991),394.32619289396825,"tensor(15495.5867, dtype=torch.float64)"
25,25,-18.925511571774592,75.98312065038643,64.50650184711965,0.006666666828095913,1.0934670656218966,0.7213706626262306,0.6354706888542841,-18.925511571774592,1.0934670656218966,6.476281574837032,133.32904842377,-0.007869389839470387,tensor(3546.0991),405.18477978991723,"tensor(15495.5867, dtype=torch.float64)"
26,26,-18.921387601889087,78.8989389171579,67.09770018046238,0.006666666828095913,1.0934882302060445,0.7210490168750575,0.6353597334124335,-18.921387601889087,1.0934882302060445,6.5410443905854025,137.4438169586623,-0.00787500012665987,tensor(3546.0991),424.48230873941793,"tensor(15495.5867, dtype=torch.float64)"
27,27,-18.917099281862658,81.83946929496288,69.71308547488681,0.006666666828095913,1.0935102382490642,0.7207145802544855,0.6352443864458163,-18.917099281862658,1.0935102382490642,6.606454834491257,141.59897868927456,-0.007880802266299725,tensor(3546.0991),439.1702515936049,"tensor(15495.5867, dtype=torch.float64)"
28,28,-18.91264520802405,84.8047613594564,72.35281788288596,0.006666666828095913,1.0935330969582462,0.7203672450045585,0.635124612034447,-18.91264520802405,1.0935330969582462,6.672519382836169,145.7949007529539,-0.00788679625838995,tensor(3546.0991),452.2837378230979,"tensor(15495.5867, dtype=torch.float64)"
29,29,-18.908027919741148,87.79490251317532,75.01706826222885,0.006666666828095913,1.0935567932964638,0.7200072036717313,0.6350004724978325,-18.908027919741148,1.0935567932964638,6.7392445766645315,150.03195371380582,-0.00789298489689827,tensor(3546.0991),470.03987466891704,"tensor(15495.5867, dtype=torch.float64)"
30,30,-18.90323862647,90.80985903548749,77.70597629715071,0.006666666828095913,1.093581372379473,0.7196337802397841,0.6348717418763508,-18.90323862647,1.093581372379473,6.806637022431177,154.3105096571236,-0.007899369113147259,tensor(3546.0991),483.6901777257808,"tensor(15495.5867, dtype=torch.float64)"
31,31,-18.89827985781401,93.84970977500753,80.41971184751299,0.006666666828095913,1.0936068212286743,0.7192471666635605,0.6347384822923046,-18.89827985781401,1.0936068212286743,6.874703392655489,158.63094411025617,-0.007905951701104641,tensor(3546.0991),500.61838329317106,"tensor(15495.5867, dtype=torch.float64)"
32,32,-18.89314599147554,96.91444144702739,83.15842111404972,0.006666666828095913,1.0936331686916807,0.7188469301376741,0.6346005488563502,-18.89314599147554,1.0936331686916807,6.943450426582044,162.99363465645996,-0.007912733592092991,tensor(3546.0991),516.3383880905894,"tensor(15495.5867, dtype=torch.float64)"
33,33,-18.887835340845726,100.00407743432872,85.92226050432429,0.006666666828095913,1.0936604234292422,0.7184329395839341,0.634457896633994,-18.887835340845726,1.0936604234292422,7.012884930847864,167.3989616094916,-0.007919716648757458,tensor(3546.0991),531.920815020625,"tensor(15495.5867, dtype=torch.float64)"
34,34,-18.88234686967484,103.11864459286807,88.71138816401859,0.006666666828095913,1.0936885907563851,0.7180051137258421,0.6343104972913061,-18.88234686967484,1.0936885907563851,7.083013780156343,171.84730813742442,-0.00792690273374319,tensor(3546.0991),548.54558717076,"tensor(15495.5867, dtype=torch.float64)"
35,35,-18.876677314119963,106.25813815913209,91.52595428898904,0.006666666828095913,1.0937176874265397,0.7175632002987452,0.6341582654983058,-18.876677314119963,1.0937176874265397,7.153843917957907,176.33905987074897,-0.00793429370969534,tensor(3546.0991),560.7170625685685,"tensor(15495.5867, dtype=torch.float64)"
36,36,-18.870834435716326,109.42268893959351,94.36614766324662,0.006666666828095913,1.0937476736045995,0.7171077938479676,0.634001398195004,-18.870834435716326,1.0937476736045995,7.2253823571374864,180.8746069172031,-0.007941891439259052,tensor(3546.0991),578.6213937409993,"tensor(15495.5867, dtype=torch.float64)"
37,37,-18.864811075213446,112.61223915478385,97.23210609122195,0.006666666828095913,1.0937785860333953,0.7166383428398266,0.6338397102950767,-18.864811075213446,1.0937785860333953,7.297636180708861,185.4543411772223,-0.00794969778507948,tensor(3546.0991),596.2226301141491,"tensor(15495.5867, dtype=torch.float64)"
38,38,-18.858602202978688,115.82674685836818,100.12397185342795,0.006666666828095913,1.093810450522582,0.716154459249165,0.6336730712150414,-18.858602202978688,1.093810450522582,7.37061254251595,190.0786567084621,-0.00795771460980177,tensor(3546.0991),614.0293415679116,"tensor(15495.5867, dtype=torch.float64)"
39,39,-18.85220330942426,119.06616705637705,103.04188653184289,0.006666666828095913,1.0938432902203292,0.7156557943415147,0.6335013628474301,-18.85220330942426,1.0938432902203292,7.4443186679411095,194.74794979916632,-0.007965944707393646,tensor(3546.0991),629.4878737419785,"tensor(15495.5867, dtype=torch.float64)"
40,40,-18.84561625234818,122.3305367373117,105.98601562415851,0.006666666828095913,1.0938770955912658,0.7151424891853725,0.6333246309733116,-18.84561625234818,1.0938770955912658,7.518761854620521,199.46262017238786,-0.00797438994050026,tensor(3546.0991),647.9951360361956,"tensor(15495.5867, dtype=torch.float64)"
41,41,-18.83883540127361,125.61978287009019,108.95649435688097,0.006666666828095913,1.0939118955275,0.7146141095897234,0.6331427296205843,-18.83883540127361,1.0939118955275,7.593949473166726,204.22306957638943,-0.007983052171766758,tensor(3546.0991),664.0539109368256,"tensor(15495.5867, dtype=torch.float64)"
42,42,-18.831861953436455,128.93392382925197,111.95348450263032,0.006666666828095913,1.0939476838891855,0.7140707459884792,0.6329556876921217,-18.831861953436455,1.0939476838891855,7.669888967898393,209.02970308747692,-0.007991933263838291,tensor(3546.0991),681.6754008516218,"tensor(15495.5867, dtype=torch.float64)"
43,43,-18.824693213482735,132.27291682736927,114.97713135149775,0.006666666828095913,1.0939844745088014,0.7135121897175551,0.6327634343914659,-18.824693213482735,1.0939844745088014,7.746587857577377,213.88292837220553,-0.008001035079360008,tensor(3546.0991),700.9287453466313,"tensor(15495.5867, dtype=torch.float64)"
44,44,-18.817323209542838,135.63665962580117,118.02756343411193,0.006666666828095913,1.0940222980314651,0.7129379795675836,0.6325658141195156,-18.817323209542838,1.0940222980314651,7.824053736153151,218.7831550269823,-0.008010360412299633,tensor(3546.0991),717.8296489716013,"tensor(15495.5867, dtype=torch.float64)"
45,45,-18.809752641405073,139.025145546197,121.10493740194823,0.006666666828095913,1.0940611508694051,0.7123481677478161,0.6323628430375913,-18.809752641405073,1.0940611508694051,7.902294273514682,223.73079589165502,-0.008019911125302315,tensor(3546.0991),734.9915722221049,"tensor(15495.5867, dtype=torch.float64)"
46,46,-18.80198144974118,142.43835303791002,124.20940653626354,0.006666666828095913,1.0941010333245764,0.7117427472291279,0.6321545169400064,-18.80198144974118,1.0941010333245764,7.981317216249829,228.72626691084648,-0.008029690012335777,tensor(3546.0991),748.7584010473802,"tensor(15495.5867, dtype=torch.float64)"
47,47,-18.79401749736744,145.8763920820568,127.34116383996125,0.006666666828095913,1.0941419050439505,0.7111223203735878,0.6319410353723534,-18.79401749736744,1.0941419050439505,8.061130388412328,233.7699887761186,-0.00803969893604517,tensor(3546.0991),771.5733200688701,"tensor(15495.5867, dtype=torch.float64)"
48,48,-18.7858459597951,149.3389881057845,130.50029142445493,0.006666666828095913,1.094183842111301,0.7104857468862392,0.6317220169945502,-18.7858459597951,1.094183842111301,8.141741692296451,238.8623823243425,-0.008049939759075642,tensor(3546.0991),787.0765199392044,"tensor(15495.5867, dtype=torch.float64)"
49,49,-18.777472020403916,152.82619369042652,133.68696677505292,0.006666666828095913,1.094226817920366,0.709833423221587,0.631497592716335,-18.777472020403916,1.094226817920366,8.223159109219415,244.00387260354591,-0.008060414344072342,tensor(3546.0991),807.3811607233947,"tensor(15495.5867, dtype=torch.float64)"
50,50,-18.768888615949965,156.33784388198637,136.90130466198562,0.006666666828095913,1.0942708687269314,0.7091648045223186,0.6312675790559584,-18.768888615949965,1.0942708687269314,8.305390700311609,249.1948863466148,-0.008071125485002995,tensor(3546.0991),826.7638798516127,"tensor(15495.5867, dtype=torch.float64)"
51,51,-18.760092231588878,159.87382360601606,140.1434346355034,0.006666666828095913,1.0943160125614633,0.7084796182203623,0.6310318832947515,-18.760092231588878,1.0943160125614633,8.388444607314725,254.43585268173115,-0.008082075975835323,tensor(3546.0991),846.1563943516085,"tensor(15495.5867, dtype=torch.float64)"
52,52,-18.75108002249174,163.43402068998302,143.41348777166266,0.006666666828095913,1.0943622640295643,0.7077776442785859,0.6307904308452399,-18.75108002249174,1.0943622640295643,8.472329053387872,259.7272032697006,-0.008093267679214478,tensor(3546.0991),864.7648842873023,"tensor(15495.5867, dtype=torch.float64)"
53,53,-18.741851528781464,167.01836012320877,146.71160682499942,0.006666666828095913,1.0944096254905151,0.7070588457453089,0.6305432081484333,-18.741851528781464,1.0944096254905151,8.55705234392175,265.069372811513,-0.008104702457785606,tensor(3546.0991),885.1425100035995,"tensor(15495.5867, dtype=torch.float64)"
54,54,-18.732402240735574,170.62668139280777,150.0379097679759,0.006666666828095913,1.0944581200866692,0.7063228737453578,0.6302900970499625,-18.732402240735574,1.0944581200866692,8.642622867360968,270.462798163825,-0.008116383105516434,tensor(3546.0991),903.3094965547934,"tensor(15495.5867, dtype=torch.float64)"
55,55,-18.722733697150776,174.25893393947132,153.39254784649034,0.006666666828095913,1.0945077399218213,0.7055698440807572,0.6300311342878567,-18.722733697150776,1.0945077399218213,8.729049096034577,275.9079196521706,-0.008128312416374683,tensor(3546.0991),921.3365664081211,"tensor(15495.5867, dtype=torch.float64)"
56,56,-18.712847442932322,177.91506592532286,156.77567332159813,0.006666666828095913,1.0945584770670502,0.7047998738044667,0.6297663576380061,-18.712847442932322,1.0945584770670502,8.816339586994923,281.4051811070236,-0.008140492253005505,tensor(3546.0991),943.3902304451185,"tensor(15495.5867, dtype=torch.float64)"
57,57,-18.702735300963965,181.59481862406255,160.18737725560482,0.006666666828095913,1.094610373489847,0.7040123323994333,0.6294955550654141,-18.702735300963965,1.094610373489847,8.904502982864873,286.95502768898416,-0.008152925409376621,tensor(3546.0991),964.3581199238251,"tensor(15495.5867, dtype=torch.float64)"
58,58,-18.692393247868964,185.29800301968183,163.62777171476515,0.006666666828095913,1.0946634498377417,0.7032069091838362,0.6292186217677108,-18.692393247868964,1.0946634498377417,8.993548012693521,292.5579067833889,-0.008165613748133183,tensor(3546.0991),982.4624960319925,"tensor(15495.5867, dtype=torch.float64)"
59,59,-18.68182473575884,189.02458153172964,167.09701473812027,0.006666666828095913,1.0947176883930982,0.7023838668877336,0.6289356434589367,-18.68182473575884,1.0947176883930982,9.083483492820458,298.2142696897311,-0.008178560063242912,tensor(3546.0991),1002.2038120678772,"tensor(15495.5867, dtype=torch.float64)"
60,60,-18.671028690140766,192.77441701333274,170.5952358981194,0.006666666828095913,1.0947730946702285,0.7015431213548214,0.6286465908452274,-18.671028690140766,1.0947730946702285,9.174318327748662,303.9245706204916,-0.00819176621735096,tensor(3546.0991),1023.7638687895087,"tensor(15495.5867, dtype=torch.float64)"
61,61,-18.659999988532363,196.54727227831887,174.12253486108153,0.006666666828095913,1.0948296949593788,0.7006842758993627,0.6283513292144767,-18.659999988532363,1.0948296949593788,9.266061511026148,309.6892657363692,-0.008205235935747623,tensor(3546.0991),1044.5138484522467,"tensor(15495.5867, dtype=torch.float64)"
62,62,-18.648736407530098,200.34296296350067,177.67902795650494,0.006666666828095913,1.094887500670392,0.6998071580966067,0.6280497998500043,-18.648736407530098,1.094887500670392,9.35872212613641,315.508813813767,-0.008218971081078053,tensor(3546.0991),1067.090380132635,"tensor(15495.5867, dtype=torch.float64)"
63,63,-18.63723188484471,204.1612038349395,181.2648014510085,0.006666666828095913,1.094946542916103,0.6989113006740963,0.6277418457525614,-18.63723188484471,1.094946542916103,9.452309347397774,321.38367531511324,-0.008232973515987396,tensor(3546.0991),1087.7988796471182,"tensor(15495.5867, dtype=torch.float64)"
64,64,-18.625485916235128,208.00182601061255,184.8799767563977,0.006666666828095913,1.0950068242853817,0.6979966616861766,0.6274274504567359,-18.625485916235128,1.0950068242853817,9.546832440871752,327.31431366987937,-0.008247246965765953,tensor(3546.0991),1108.1653871756716,"tensor(15495.5867, dtype=torch.float64)"
65,65,-18.61349887911095,211.8646759879746,188.52468126282918,0.006666666828095913,1.0950683428374266,0.6970632684286984,0.627106621819381,-18.61349887911095,1.0950683428374266,9.642300765280469,333.30119551095015,-0.008261793293058872,tensor(3546.0991),1131.4502989718894,"tensor(15495.5867, dtype=torch.float64)"
66,66,-18.601264239502513,215.74942129843953,192.1989883823937,0.006666666828095913,1.0951311321094703,0.6961106166646266,0.6267791898988404,-18.601264239502513,1.0951311321094703,9.738723772933273,339.3447889733736,-0.008276615291833878,tensor(3546.0991),1152.850642647245,"tensor(15495.5867, dtype=torch.float64)"
67,67,-18.58878115309598,219.65585561876807,195.90301015890353,0.006666666828095913,1.0951951964331443,0.6951386390819222,0.6264451303951224,-18.58878115309598,1.0951951964331443,9.836111010662606,345.4455650571909,-0.008291715756058693,tensor(3546.0991),1176.4019426692394,"tensor(15495.5867, dtype=torch.float64)"
68,68,-18.576043897506523,223.58363772311782,199.6368182315847,0.006666666828095913,1.0952605651744016,0.6941468944707259,0.6261042949965105,-18.576043897506523,1.0952605651744016,9.934472120769232,351.60399640702923,-0.008307096548378468,tensor(3546.0991),1198.1323685565148,"tensor(15495.5867, dtype=torch.float64)"
69,69,-18.56305213064559,227.53255026110924,203.40052194914347,0.006666666828095913,1.0953272400918164,0.6931353533748866,0.6257566714007607,-18.56305213064559,1.0953272400918164,10.033816841976925,357.8205586134454,-0.0083227613940835,tensor(3546.0991),1219.915658644517,"tensor(15495.5867, dtype=torch.float64)"
70,70,-18.54980543388466,231.50236688241938,207.19422918559715,0.006666666828095913,1.0953952233297175,0.6921039819489329,0.6254022470842859,-18.54980543388466,1.0953952233297175,10.134155010396695,364.09573021324996,-0.00833871215581894,tensor(3546.0991),1242.6964977089083,"tensor(15495.5867, dtype=torch.float64)"
71,71,-18.536301120833937,235.49279090946416,211.01802674348076,0.006666666828095913,1.0954645286799285,0.691052571509421,0.6250409506232928,-18.536301120833937,1.0954645286799285,10.235496560500662,370.42999209471213,-0.00835495162755251,tensor(3546.0991),1266.6844966743665,"tensor(15495.5867, dtype=torch.float64)"
72,72,-18.52253419610312,239.5034479423343,214.87197766038722,0.006666666828095913,1.0955351817773173,0.6899807350733197,0.624672650539911,-18.52253419610312,1.0955351817773173,10.33785152610567,376.8238268607522,-0.008371483534574509,tensor(3546.0991),1289.0131122685852,"tensor(15495.5867, dtype=torch.float64)"
73,73,-18.50850452090105,243.53408458558712,218.75618299096965,0.006666666828095913,1.0956071833335457,0.6888884603449869,0.6242973414938296,-18.50850452090105,1.0956071833335457,10.441230041366726,383.2777200852579,-0.008388309739530087,tensor(3546.0991),1311.031637361666,"tensor(15495.5867, dtype=torch.float64)"
74,74,-18.494212687447238,247.58446062280174,222.67074849434425,0.006666666828095913,1.0956805303093513,0.6877757904041747,0.623915035982321,-18.494212687447238,1.0956805303093513,10.545642341780393,389.7921605022169,-0.008405433036386967,tensor(3546.0991),1335.1329236968304,"tensor(15495.5867, dtype=torch.float64)"
75,75,-18.4796542738875,251.65418165174847,226.61573307202576,0.006666666828095913,1.095755245394794,0.6866423830954634,0.6235256180909334,-18.4796542738875,1.095755245394794,10.651098765198197,396.36763866154143,-0.008422856219112873,tensor(3546.0991),1359.0295549573057,"tensor(15495.5867, dtype=torch.float64)"
76,76,-18.464826198426636,255.74287608514172,230.59120289018642,0.006666666828095913,1.0958313444137184,0.6854879994206952,0.6231290062909688,-18.464826198426636,1.0958313444137184,10.757609752850179,403.00464725100636,-0.00844058208167553,tensor(3546.0991),1385.502394205847,"tensor(15495.5867, dtype=torch.float64)"
77,77,-18.449719938897736,259.8499910121877,234.59716783938256,0.006666666828095913,1.0959088710959668,0.6843119813912881,0.6227249787693734,-18.449719938897736,1.0959088710959668,10.865185850378682,409.7036795559592,-0.008458614349365234,tensor(3546.0991),1408.1953876527405,"tensor(15495.5867, dtype=torch.float64)"
78,78,-18.43433749721245,263.9752734957951,238.63373119624472,0.006666666828095913,1.0959878151714213,0.6831144812457444,0.6223135850305509,-18.43433749721245,1.0959878151714213,10.973837708882469,416.46523231453153,-0.008476954884827137,tensor(3546.0991),1432.5121456326451,"tensor(15495.5867, dtype=torch.float64)"
79,79,-18.418676648547677,268.11833286569095,242.70095418451672,0.006666666828095913,1.0960681880572882,0.681895325643275,0.6218947654315933,-18.418676648547677,1.0960681880572882,11.083576085971293,423.2898045423814,-0.008495606482028961,tensor(3546.0991),1457.091188716906,"tensor(15495.5867, dtype=torch.float64)"
80,80,-18.402734971431713,272.27875804860656,246.7988918421504,0.006666666828095913,1.0961500021780848,0.6806543252987,0.6214684543939134,-18.402734971431713,1.0961500021780848,11.194411846831006,430.1778974416873,-0.008514572866261005,tensor(3546.0991),1478.6759295557567,"tensor(15495.5867, dtype=torch.float64)"
81,81,-18.38651751301525,276.4563675866782,250.9276716045131,0.006666666828095913,1.0962332316334056,0.6793918655283343,0.6210347784936382,-18.38651751301525,1.0962332316334056,11.306355965299316,437.13001652335055,-0.008533856831490993,tensor(3546.0991),1505.2378633232438,"tensor(15495.5867, dtype=torch.float64)"
82,82,-18.37001663031791,280.65056196918556,255.08729177302266,0.006666666828095913,1.0963179156489187,0.6781073568403713,0.6205935393708536,-18.37001663031791,1.0963179156489187,11.419419524952309,444.1466679892424,-0.00855346117168665,tensor(3546.0991),1532.584952090314,"tensor(15495.5867, dtype=torch.float64)"
83,83,-18.353224337639496,284.86070301232155,259.27773810380165,0.006666666828095913,1.0964040952060359,0.6768001833473201,0.6201445298670837,-18.353224337639496,1.0964040952060359,11.533613720201831,451.22835854189896,-0.008573388680815697,tensor(3546.0991),1559.1102205307398,"tensor(15495.5867, dtype=torch.float64)"
84,84,-18.336136138859725,289.08624364114445,263.49902437189905,0.006666666828095913,1.096491793379632,0.6754699972707747,0.6196876321935486,-18.336136138859725,1.096491793379632,11.64894985740385,458.37559631880583,-0.00859364215284586,tensor(3546.0991),1581.1207813567016,"tensor(15495.5867, dtype=torch.float64)"
85,85,-18.318759012912274,293.3270121290971,267.7512817430361,0.006666666828095913,1.096580974507365,0.6741173247615332,0.6192230192503203,-18.318759012912274,1.096580974507365,11.765439355977888,465.58889422060304,-0.008614225313067436,tensor(3546.0991),1610.748578530096,"tensor(15495.5867, dtype=torch.float64)"
86,86,-18.301080582263353,297.5821686611892,272.03443389179404,0.006666666828095913,1.0966717018059995,0.6727412260157878,0.618750375906818,-18.301080582263353,1.0966717018059995,11.883093749537666,472.86876424482324,-0.00863514095544815,tensor(3546.0991),1639.2564255526813,"tensor(15495.5867, dtype=torch.float64)"
87,87,-18.283093608729107,301.8510084719682,276.3484454721806,0.006666666828095913,1.0967640125733351,0.6713411358935439,0.6182695119203984,-18.283093608729107,1.0967640125733351,12.001924687033043,480.2157188174542,-0.008656391873955727,tensor(3546.0991),1666.2819806199404,"tensor(15495.5867, dtype=torch.float64)"
88,88,-18.264795716740537,306.1329789087263,280.693328513328,0.006666666828095913,1.0968579190039793,0.6699168695604816,0.6177803638169762,-18.264795716740537,1.0968579190039793,12.121943933903374,487.63027221711343,-0.008677980862557888,tensor(3546.0991),1690.5641586329148,"tensor(15495.5867, dtype=torch.float64)"
89,89,-18.246191401562584,310.42776471326926,285.06916973191966,0.006666666828095913,1.0969533980229769,0.6684687689885654,0.6172830431036794,-18.246191401562584,1.0969533980229769,12.243163373242409,495.1129426569655,-0.008699911646544933,tensor(3546.0991),1720.9508065130794,"tensor(15495.5867, dtype=torch.float64)"
90,90,-18.227269914276956,314.73447678343643,289.4758763222796,0.006666666828095913,1.0970505048000352,0.6669960053786673,0.6167772710306052,-18.227269914276956,1.0970505048000352,12.365595006974832,502.66424755109585,-0.008722187951207161,tensor(3546.0991),1748.1218074346543,"tensor(15495.5867, dtype=torch.float64)"
91,91,-18.2080301550821,319.0525571940219,293.9134593978891,0.006666666828095913,1.0971492449772913,0.6654984925858202,0.616263017641001,-18.2080301550821,1.0971492449772913,12.48925095704458,510.2847064450207,-0.00874481163918972,tensor(3546.0991),1770.8334186176653,"tensor(15495.5867, dtype=torch.float64)"
92,92,-18.18848166856051,323.38184605390023,298.38205551965194,0.006666666828095913,1.0972495695693596,0.6639769605242519,0.6157405237560829,-18.18848166856051,1.0972495695693596,12.614143466615026,517.9748443706325,-0.00876778643578291,tensor(3546.0991),1801.992367865343,"tensor(15495.5867, dtype=torch.float64)"
93,93,-18.168612240286684,327.72133836211003,302.88153634504715,0.006666666828095913,1.0973515412641666,0.6624304677533487,0.6152094730787857,-18.168612240286684,1.0973515412641666,12.740284901281177,525.7351849260689,-0.008791116066277027,tensor(3546.0991),1832.6195292966731,"tensor(15495.5867, dtype=torch.float64)"
94,94,-18.148413301201455,332.07013173212925,307.4118047962875,0.006666666828095913,1.097455204038304,0.6608583536128277,0.6146696435263703,-18.148413301201455,1.097455204038304,12.867687750293989,533.5662513047638,-0.008814803324639797,tensor(3546.0991),1858.2362900472071,"tensor(15495.5867, dtype=torch.float64)"
95,95,-18.127889712066654,336.4278341286944,311.97292406134807,0.006666666828095913,1.0975605329449014,0.659260988229271,0.6141211559908368,-18.127889712066654,1.0975605329449014,12.996364627796929,541.4685705809035,-0.008838851936161518,tensor(3546.0991),1889.7210888648697,"tensor(15495.5867, dtype=torch.float64)"
96,96,-18.107031548984736,340.7934442444359,316.56476596668966,0.006666666828095913,1.0976675789162056,0.6576376069145169,0.6135637537134865,-18.107031548984736,1.0976675789162056,13.126328274074899,549.4426688465637,-0.008863264694809914,tensor(3546.0991),1920.1106038833677,"tensor(15495.5867, dtype=torch.float64)"
97,97,-18.085833396875277,345.1661095943123,321.187247930389,0.006666666828095913,1.0977763697423846,0.6559877904632404,0.6129972944756841,-18.085833396875277,1.0977763697423846,13.257591556815647,557.4890725649714,-0.008888045325875282,tensor(3546.0991),1944.7524502566375,"tensor(15495.5867, dtype=torch.float64)"
98,98,-18.064304376651478,349.5455677300056,325.840474417641,0.006666666828095913,1.0978868586123438,0.6543122370569827,0.6124220091419649,-18.064304376651478,1.0978868586123438,13.390167472383805,565.60831342258,-0.008913196623325348,tensor(3546.0991),1978.0237080456864,"tensor(15495.5867, dtype=torch.float64)"
99,99,-18.042431477701335,353.93061273409074,330.5242519693231,0.006666666828095913,1.0979991122995485,0.6526099440823004,0.6118375610243207,-18.042431477701335,1.0979991122995485,13.524069147107642,573.8009208305905,-0.008938722312450409,tensor(3546.0991),2009.5917154369818,"tensor(15495.5867, dtype=torch.float64)"
100,100,-18.020208240058647,358.32027578921003,335.23846055839,0.006666666828095913,1.0981131639557387,0.6508804120601202,0.6112437811462004,-18.020208240058647,1.0981131639557387,13.65930983857872,582.0674239925512,-0.008964626118540764,tensor(3546.0991),2038.0713556110568,"tensor(15495.5867, dtype=torch.float64)"
101,101,-17.99763670394637,362.7139337052452,339.98308962481053,0.006666666828095913,1.0982290031114514,0.6491237953141326,0.610640719086189,-17.99763670394637,1.0982290031114514,13.795902936964508,590.408354774602,-0.008990910835564137,tensor(3546.0991),2065.6885122916137,"tensor(15495.5867, dtype=torch.float64)"
102,102,-17.97472048334327,367.1110247513185,344.7581484834942,0.006666666828095913,1.0983466112175964,0.6473403681864034,0.6100284638081148,-17.97472048334327,1.0983466112175964,13.933861966334153,598.8242482500843,-0.009017580188810825,tensor(3546.0991),2098.256175807095,"tensor(15495.5867, dtype=torch.float64)"
103,103,-17.951450787008632,371.5104159454576,349.56346548449847,0.006666666828095913,1.0984660333953316,0.6455294522211001,0.6094067866765068,-17.951450787008632,1.0984660333953316,14.073200585997494,607.315638296982,-0.009044637903571129,tensor(3546.0991),2133.004825332493,"tensor(15495.5867, dtype=torch.float64)"
104,104,-17.927815397221863,375.91077548180795,354.3988042984524,0.006666666828095913,1.0985873323437947,0.6436901056209897,0.6087753712754271,-17.927815397221863,1.0985873323437947,14.21393259185747,615.8830562087562,-0.009072087705135345,tensor(3546.0991),2162.526880987134,"tensor(15495.5867, dtype=torch.float64)"
105,105,-17.903816774988513,380.31141159469695,359.26413107522313,0.006666666828095913,1.0987104954344233,0.6418225150310914,0.6081342779572372,-17.903816774988513,1.0987104954344233,14.356071917776044,624.5270358424383,-0.009099932387471199,tensor(3546.0991),2190.30661953424,"tensor(15495.5867, dtype=torch.float64)"
106,106,-17.879460938414336,384.71179278511164,364.1594633557774,0.006666666828095913,1.0988354917814758,0.6399271395056242,0.6074836572564829,-17.879460938414336,1.0988354917814758,14.499632636953804,633.248114914886,-0.009128175675868988,tensor(3546.0991),2229.8140588388196,"tensor(15495.5867, dtype=torch.float64)"
107,107,-17.854725056545547,389.1099941383255,369.08437504214146,0.006666666828095913,1.0989624385540377,0.6380022220203694,0.606822921014898,-17.854725056545547,1.0989624385540377,14.644628963323342,642.0468243452852,-0.009156821295619011,tensor(3546.0991),2252.128168048861,"tensor(15495.5867, dtype=torch.float64)"
108,108,-17.82963126292975,393.50621198126936,374.0391136565384,0.006666666828095913,1.099091222162005,0.6360494595678732,0.6061526324131375,-17.82963126292975,1.099091222162005,14.791075252956576,650.9237047421174,-0.009185872972011566,tensor(3546.0991),2292.817152583535,"tensor(15495.5867, dtype=torch.float64)"
109,109,-17.804153966919973,397.8983186509137,379.0231879701291,0.006666666828095913,1.0992219739405182,0.6340668831935377,0.6054721326494754,-17.804153966919973,1.0992219739405182,14.938986005486141,659.8792886197039,-0.009215334430336952,tensor(3546.0991),2324.4184722019418,"tensor(15495.5867, dtype=torch.float64)"
110,110,-17.778294018930524,402.2854259125246,384.03649848704896,0.006666666828095913,1.0993546895201924,0.6320545549045897,0.6047814399094604,-17.778294018930524,1.0993546895201924,15.088375865541003,668.9141100868891,-0.009245209395885468,tensor(3546.0991),2352.2503638706403,"tensor(15495.5867, dtype=torch.float64)"
111,111,-17.752060922657147,406.6670734027841,389.0790832480996,0.006666666828095913,1.099489320132752,0.6300132024139666,0.6040807949014265,-17.752060922657147,1.099489320132752,15.239259624196414,678.0287081735166,-0.009275500662624836,tensor(3546.0991),2390.3456660766387,"tensor(15495.5867, dtype=torch.float64)"
112,112,-17.725438047953986,411.0414566315391,394.15055076352417,0.006666666828095913,1.099625951122717,0.6279415441769448,0.6033697673393905,-17.725438047953986,1.099625951122717,15.39165222043838,687.2236167073926,-0.00930621288716793,tensor(3546.0991),2423.4647566268395,"tensor(15495.5867, dtype=torch.float64)"
113,113,-17.698423744996905,415.4074895800614,399.25073694972474,0.006666666828095913,1.0997645909591949,0.6258394502783744,0.6026483114347756,-17.698423744996905,1.0997645909591949,15.545568742642763,696.4993699282311,-0.00933734979480505,tensor(3546.0991),2458.4775109184848,"tensor(15495.5867, dtype=torch.float64)"
114,114,-17.67101216550439,419.7638394761164,404.37939860841016,0.006666666828095913,1.0999052696517446,0.6237064689776833,0.6019162747447461,-17.67101216550439,1.0999052696517446,15.701024430069191,705.856500754591,-0.009368914179503918,tensor(3546.0991),2489.5452010968293,"tensor(15495.5867, dtype=torch.float64)"
115,115,-17.643207866128996,424.10969691999617,409.53645827939357,0.006666666828095913,1.1000479638204903,0.6215429463528002,0.6011737695242025,-17.643207866128996,1.1000479638204903,15.858034674369883,715.2955447966073,-0.009400910697877407,tensor(3546.0991),2530.0874664292496,"tensor(15495.5867, dtype=torch.float64)"
116,116,-17.6149920845665,428.4429725905205,414.7214287770843,0.006666666828095913,1.1001927697525449,0.6193474379022507,0.6004203117891272,-17.6149920845665,1.1001927697525449,16.01661502111358,724.8170309201552,-0.009433343075215816,tensor(3546.0991),2560.341648597794,"tensor(15495.5867, dtype=torch.float64)"
117,117,-17.586373998828915,432.7630468502121,419.93429097662334,0.006666666828095913,1.100339640344591,0.6171206453837377,0.599656132975227,-17.586373998828915,1.100339640344591,16.176781171324716,734.421492347069,-0.009466215036809444,tensor(3546.0991),2601.2027003585827,"tensor(15495.5867, dtype=torch.float64)"
118,118,-17.557335862209268,437.06779681392345,425.1745442174091,0.006666666828095913,1.1004886666764433,0.6148612023954938,0.5988807751317198,-17.557335862209268,1.1004886666764433,16.338548983037963,744.1094555940882,-0.00949953030794859,tensor(3546.0991),2632.858777657646,"tensor(15495.5867, dtype=torch.float64)"
119,119,-17.527885117808104,441.35645575864555,430.4421199447629,0.006666666828095913,1.1006398105469404,0.6125696774037929,0.598094425263836,-17.527885117808104,1.1006398105469404,16.501934472868342,753.8814506577434,-0.00953329261392355,tensor(3546.0991),2671.241752289963,"tensor(15495.5867, dtype=torch.float64)"
120,120,-17.498011774018572,445.6272540930321,435.7366276192429,0.006666666828095913,1.1007931232387957,0.6102452989617992,0.5972968231182224,-17.498011774018572,1.1007931232387957,16.666953817597026,763.7380036936927,-0.009567506611347198,tensor(3546.0991),2706.1847537657304,"tensor(15495.5867, dtype=torch.float64)"
121,121,-17.467715877621963,449.87895537124206,441.05784626200017,0.006666666828095913,1.1009486045065233,0.6078880673238068,0.5964879662961166,-17.467715877621963,1.1009486045065233,16.833623355772996,773.6796410807025,-0.009602176025509834,tensor(3546.0991),2744.0775539411698,"tensor(15495.5867, dtype=torch.float64)"
122,122,-17.43699042381857,454.10988426916407,446.4054130818956,0.006666666828095913,1.1011062903011701,0.6054974412275465,0.5956676718932352,-17.43699042381857,1.1011062903011701,17.001959589330728,783.7068863145633,-0.009637304581701756,tensor(3546.0991),2781.0791989370773,"tensor(15495.5867, dtype=torch.float64)"
123,123,-17.40583183139102,458.31852548150135,451.77901483554376,0.006666666828095913,1.1012661990035775,0.603073142382168,0.5948358446624348,-17.40583183139102,1.1012661990035775,17.171979185224036,793.8202613077995,-0.00967289600521326,tensor(3546.0991),2820.370533551759,"tensor(15495.5867, dtype=torch.float64)"
124,124,-17.374231740506268,462.50303881123057,457.1782321993426,0.006666666828095913,1.1014283735163455,0.6006145253841523,0.5939922669856819,-17.374231740506268,1.1014283735163455,17.343698977076276,804.0202841526616,-0.009708954021334648,tensor(3546.0991),2859.1590377760876,"tensor(15495.5867, dtype=torch.float64)"
125,125,-17.342184562554966,466.66170269099814,462.6026811509425,0.006666666828095913,1.1015928425171821,0.5981211568393896,0.5931367912938649,-17.342184562554966,1.1015928425171821,17.51713596684704,814.3074701130913,-0.009745483286678791,tensor(3546.0991),2898.4973964181845,"tensor(15495.5867, dtype=torch.float64)"
126,126,-17.30968443907484,470.7927363016115,468.05195658072745,0.006666666828095913,1.101759636078438,0.5955925828078029,0.5922692631692161,-17.30968443907484,1.101759636078438,17.69230732651551,824.6823313250108,-0.009782488457858562,tensor(3546.0991),2926.6590699882363,"tensor(15495.5867, dtype=torch.float64)"
127,127,-17.276753033792694,474.8960539990933,473.52619946312944,0.006666666828095913,1.1019286430143833,0.5930304648652701,0.5913902346077163,-17.276753033792694,1.1019286430143833,17.869230399780665,835.1453891055905,-0.009819972328841686,tensor(3546.0991),2972.892937365599,"tensor(15495.5867, dtype=torch.float64)"
128,128,-17.243364846628182,478.9686039071188,479.02459575298286,0.006666666828095913,1.1020999941998755,0.5904328403083935,0.5904990482704913,-17.243364846628182,1.1020999941998755,18.04792270377847,845.6971526499872,-0.009857939556241035,tensor(3546.0991),3006.8119848859787,"tensor(15495.5867, dtype=torch.float64)"
129,129,-17.209528516262118,483.0094318097041,484.5470026373092,0.006666666828095913,1.1022736452932835,0.5878003685359078,0.5895959208527104,-17.209528516262118,1.1022736452932835,18.228401930816258,856.338134256,-0.009896394796669483,tensor(3546.0991),3049.639876774454,"tensor(15495.5867, dtype=torch.float64)"
130,130,-17.175229778006454,487.0160877900927,490.09279534283786,0.006666666828095913,1.1024496695058184,0.5851319506498647,0.5886804835715309,-17.175229778006454,1.1024496695058184,18.41068595012442,867.0688387193692,-0.009935341775417328,tensor(3546.0991),3088.3803017825703,"tensor(15495.5867, dtype=torch.float64)"
131,131,-17.140466796238044,490.9868716700128,495.6615873617236,0.006666666828095913,1.1026280762582488,0.582427442419244,0.5877526858664189,-17.140466796238044,1.1026280762582488,18.594792809625666,877.889768835198,-0.009974784217774868,tensor(3546.0991),3134.826747334271,"tensor(15495.5867, dtype=torch.float64)"
132,132,-17.105219745244394,494.91883958257847,501.25258725955723,0.006666666828095913,1.102808967296771,0.5796853160638636,0.5868120147520237,-17.105219745244394,1.102808967296771,18.780740737721924,888.8014166677109,-0.010014727711677551,tensor(3546.0991),3176.163084502972,"tensor(15495.5867, dtype=torch.float64)"
133,133,-17.069484759107986,498.8100386782693,506.86532029133224,0.006666666828095913,1.1029923624637628,0.576905272243084,0.5858583685854868,-17.069484759107986,1.1029923624637628,18.968548145099145,899.8042707971397,-0.010055175051093102,tensor(3546.0991),3212.1309860214824,"tensor(15495.5867, dtype=torch.float64)"
134,134,-17.03327136988826,502.65939736274265,512.4995936992527,0.006666666828095913,1.1031782128393308,0.5740880391154104,0.5848919869819014,-17.03327136988826,1.1031782128393308,19.158233626550135,910.8988226118886,-0.010096130892634392,tensor(3546.0991),3253.7606306567322,"tensor(15495.5867, dtype=torch.float64)"
135,135,-16.99657368184558,506.46477487416297,518.1548692200948,0.006666666828095913,1.1033665486767767,0.5712331596857328,0.5839127145051556,-16.99657368184558,1.1033665486767767,19.349815962815637,922.0855588138915,-0.010137599892914295,tensor(3546.0991),3294.4582219041768,"tensor(15495.5867, dtype=torch.float64)"
136,136,-16.95938908261963,510.22421425646434,523.8306659529242,0.006666666828095913,1.1035573833883618,0.5683404301604412,0.5829204807405192,-16.95938908261963,1.1035573833883618,19.543314122443793,933.3649628371766,-0.01017958577722311,tensor(3546.0991),3338.696326074889,"tensor(15495.5867, dtype=torch.float64)"
137,137,-16.92170696915955,513.9351485543978,529.5263026093857,0.006666666828095913,1.1037507713885946,0.5654090320029113,0.5819150097380421,-16.92170696915955,1.1037507713885946,19.73874726366823,944.737510665052,-0.01022209320217371,tensor(3546.0991),3380.0594568513334,"tensor(15495.5867, dtype=torch.float64)"
138,138,-16.88352556560938,517.5955818988098,535.2412790167729,0.006666666828095913,1.1039467217886978,0.5624388247109434,0.5808962515592494,-16.88352556560938,1.1039467217886978,19.93613473630491,956.2036749609923,-0.010265126824378967,tensor(3546.0991),3428.4931439652573,"tensor(15495.5867, dtype=torch.float64)"
139,139,-16.84482654406617,521.20226969325,540.9746878324357,0.006666666828095913,1.1041453286527105,0.5594283964576325,0.5798637324907638,-16.84482654406617,1.1041453286527105,20.13549608366796,967.7639164606248,-0.010308691300451756,tensor(3546.0991),3465.649422878225,"tensor(15495.5867, dtype=torch.float64)"
140,140,-16.805621903372813,524.7541186633193,546.7263143040141,0.006666666828095913,1.104346530396681,0.5563786656201155,0.578817756174771,-16.805621903372813,1.104346530396681,20.336851044504638,979.4186991232394,-0.010352790355682373,tensor(3546.0991),3503.87051530031,"tensor(15495.5867, dtype=torch.float64)"
141,141,-16.765918612826567,528.2496738376851,552.495826647618,0.006666666828095913,1.104550291259624,0.5532901636225686,0.5777584966482546,-16.765918612826567,1.104550291259624,20.540219554949683,991.1684876092719,-0.010397428646683693,tensor(3546.0991),3561.1286914488883,"tensor(15495.5867, dtype=torch.float64)"
142,142,-16.72567686748045,531.6839234078751,558.2817384318489,0.006666666828095913,1.1047568155205403,0.5501598295431566,0.5766849311204091,-16.72567686748045,1.1047568155205403,20.74562175049918,1003.0137227085162,-0.010442609898746014,tensor(3546.0991),3600.5382934843074,"tensor(15495.5867, dtype=torch.float64)"
143,143,-16.684907114212617,535.0555328902373,564.083744941943,0.006666666828095913,1.1049660495656128,0.5469884610301511,0.5755973217487013,-16.684907114212617,1.1049660495656128,20.95307796800417,1014.9548470261151,-0.010488339699804783,tensor(3546.0991),3607.0830186993117,"tensor(15495.5867, dtype=torch.float64)"
144,144,-16.643695816176113,538.3690963685809,569.9034697235209,0.006666666828095913,1.1051775496580343,0.5437826965351302,0.5744978788667974,-16.643695816176113,1.1051775496580343,21.16260874768421,1026.992345874464,-0.010534621775150299,tensor(3546.0991),3685.118559494207,"tensor(15495.5867, dtype=torch.float64)"
145,145,-16.601941934298083,541.6147528556339,575.7378557402681,0.006666666828095913,1.1053918343381823,0.5405347706646604,0.5733840109058107,-16.601941934298083,1.1053918343381823,21.37423483516105,1039.1266473594417,-0.010581460781395435,tensor(3546.0991),3732.4929855689406,"tensor(15495.5867, dtype=torch.float64)"
146,146,-16.55963741238829,544.7896174265246,581.5860875452032,0.006666666828095913,1.1056089449550235,0.5372440606151159,0.5722555071601241,-16.55963741238829,1.1056089449550235,21.587977183512663,1051.3581709551963,-0.010628861375153065,tensor(3546.0991),3785.192391107441,"tensor(15495.5867, dtype=torch.float64)"
147,147,-16.516762971648788,547.8898348527387,587.4470295286011,0.006666666828095913,1.1058289804442913,0.5339090813576661,0.5711118695157188,-16.516762971648788,1.1058289804442913,21.80385695534779,1063.6873209635348,-0.01067682821303606,tensor(3546.0991),3826.5861745566945,"tensor(15495.5867, dtype=torch.float64)"
148,148,-16.473329974816757,550.9139384555792,593.3203158853864,0.006666666828095913,1.1060518824947454,0.5305307017540144,0.5699533844887541,-16.473329974816757,1.1060518824947454,22.021895524901268,1076.114503030144,-0.010725365951657295,tensor(3546.0991),3873.073933889158,"tensor(15495.5867, dtype=torch.float64)"
149,149,-16.42933523894039,553.8592735628871,599.205194202966,0.006666666828095913,1.1062776674405024,0.5271086732424014,0.5687799661209015,-16.42933523894039,1.1062776674405024,22.24211448015028,1088.6401160207154,-0.010774479247629642,tensor(3546.0991),3921.062955078087,"tensor(15495.5867, dtype=torch.float64)"
150,150,-16.384772490353647,556.7228814470598,605.1008101330677,0.006666666828095913,1.1065063674788553,0.5236425106928917,0.5675914502186558,-16.384772490353647,1.1065063674788553,22.464535624951786,1101.2645500344333,-0.0108241718262434,tensor(3546.0991),3969.9914657162153,"tensor(15495.5867, dtype=torch.float64)"
151,151,-16.33963431405795,559.5016449438453,611.0062518333762,0.006666666828095913,1.1067380206627153,0.5201316396434058,0.5663876415693668,-16.33963431405795,1.1067380206627153,22.689180981201304,1113.9881853860009,-0.010874449275434017,tensor(3546.0991),4014.253798714315,"tensor(15495.5867, dtype=torch.float64)"
152,152,-16.293925761732623,562.193447756254,616.9209293155153,0.006666666828095913,1.1069726010706447,0.5165764441884535,0.5651686651001291,-16.293925761732623,1.1069726010706447,22.916072791013317,1126.8113995133617,-0.010925316251814365,tensor(3546.0991),4052.2091555790976,"tensor(15495.5867, dtype=torch.float64)"
153,153,-16.24766579632602,564.7973627198802,622.8446384195853,0.006666666828095913,1.107210011378182,0.5129783768436834,0.563935001878417,-16.24766579632602,1.107210011378182,23.14523351892345,1139.7345750658078,-0.010976777411997318,tensor(3546.0991),4113.709943746275,"tensor(15495.5867, dtype=torch.float64)"
154,154,-16.200813201436052,567.3072470889142,628.7754769680658,0.006666666828095913,1.1074504631115976,0.5093342683328923,0.5626855929953029,-16.200813201436052,1.1074504631115976,23.376685854112687,1152.758064513418,-0.011028836481273174,tensor(3546.0991),4159.639749972324,"tensor(15495.5867, dtype=torch.float64)"
155,155,-16.153372016535645,569.7207478654617,634.7127632038556,0.006666666828095913,1.1076939355460969,0.5056444242229403,0.5614205365811161,-16.153372016535645,1.1076939355460969,23.610452712653814,1165.8822160291222,-0.011081499047577381,tensor(3546.0991),4219.123282314045,"tensor(15495.5867, dtype=torch.float64)"
156,156,-16.105312898423335,572.0325074337079,640.6548333289053,0.006666666828095913,1.1079405792678914,0.5019065863614015,0.5601390768139728,-16.105312898423335,1.1079405792678914,23.846557239780353,1179.1073532147482,-0.011134769767522812,tensor(3546.0991),4249.351397471677,"tensor(15495.5867, dtype=torch.float64)"
157,157,-16.05668216911138,574.2438505906833,646.6021928766055,0.006666666828095913,1.1081901565500973,0.49812430898793125,0.5588423953360163,-16.05668216911138,1.1081901565500973,24.085022812178156,1192.4338203831444,-0.01118865329772234,tensor(3546.0991),4317.095724003098,"tensor(15495.5867, dtype=torch.float64)"
158,158,-16.007426978318847,576.3471931294514,652.5524478050687,0.006666666828095913,1.108442938622768,0.4942935283126093,0.557529134446198,-16.007426978318847,1.108442938622768,24.32587304029994,1205.8619223047351,-0.011243154294788837,tensor(3546.0991),4369.420965554833,"tensor(15495.5867, dtype=torch.float64)"
159,159,-15.957541725596428,578.3390527895513,658.5045244757331,0.006666666828095913,1.1086989542321368,0.4904138093764441,0.5561991454328971,-15.957541725596428,1.1086989542321368,24.56913177070294,1219.3919521016592,-0.011298278346657753,tensor(3546.0991),4417.233957603166,"tensor(15495.5867, dtype=torch.float64)"
160,160,-15.90703255415445,580.2169850486227,664.4576840522916,0.006666666828095913,1.1089581718471433,0.4864856207694716,0.5548525820092651,-15.90703255415445,1.1089581718471433,24.81482308840997,1233.0241983023595,-0.011354029178619385,tensor(3546.0991),4465.283316175162,"tensor(15495.5867, dtype=torch.float64)"
161,161,-15.855903642646748,581.978346949105,670.4111188318592,0.006666666828095913,1.1092205700255826,0.4825092786992501,0.5534895458525314,-15.855903642646748,1.1092205700255826,25.06297131929407,1246.7589434639744,-0.01141041237860918,tensor(3546.0991),4524.874024580931,"tensor(15495.5867, dtype=torch.float64)"
162,162,-15.804130476306188,583.6177313721724,676.3631152553055,0.006666666828095913,1.1094862745755536,0.478482895945794,0.5521094047849588,-15.804130476306188,1.1094862745755536,25.31360103248701,1260.5964456412123,-0.011467432603240013,tensor(3546.0991),4576.750017427432,"tensor(15495.5867, dtype=torch.float64)"
163,163,-15.751711730493154,585.1318252896524,682.312632954127,0.006666666828095913,1.1097552922989997,0.47440636679049847,0.5507121204626039,-15.751711730493154,1.1097552922989997,25.56673704281188,1274.5369525423575,-0.011525094509124756,tensor(3546.0991),4634.68856200017,"tensor(15495.5867, dtype=torch.float64)"
164,164,-15.698631594518648,586.5158531298586,688.2581481734361,0.006666666828095913,1.1100277043360756,0.4702784726652994,0.5492972835917032,-15.698631594518648,1.1100277043360756,25.822404413239997,1288.5806917502775,-0.011583402752876282,tensor(3546.0991),4680.564285329543,"tensor(15495.5867, dtype=torch.float64)"
165,165,-15.644906171767575,587.768083496369,694.1991235698704,0.006666666828095913,1.1103034280432933,0.4661004465296148,0.5478653020543208,-15.644906171767575,1.1103034280432933,26.0806284573724,1302.7278911439062,-0.011642361991107464,tensor(3546.0991),4742.447676860553,"tensor(15495.5867, dtype=torch.float64)"
166,166,-15.590509702521427,588.8826327755075,700.1336619952293,0.006666666828095913,1.1105825956217261,0.4618703048032619,0.5464155109317723,-15.590509702521427,1.1105825956217261,26.341434741946124,1316.978751067863,-0.01170197781175375,tensor(3546.0991),4792.628883740224,"tensor(15495.5867, dtype=torch.float64)"
167,167,-15.535449468373379,589.8567984255279,706.0608955757699,0.006666666828095913,1.110865169700165,0.4575886027538872,0.5449480922088646,-15.535449468373379,1.110865169700165,26.604849089365587,1331.3334656765307,-0.011762254871428013,tensor(3546.0991),4846.480767868052,"tensor(15495.5867, dtype=torch.float64)"
168,168,-15.47972226942862,590.6867997255987,711.9795994446113,0.006666666828095913,1.1111511667041645,0.4532550898079389,0.54346295863579,-15.47972226942862,1.1111511667041645,26.870897580259243,1345.792215676696,-0.0118231987580657,tensor(3546.0991),4906.619672273751,"tensor(15495.5867, dtype=torch.float64)"
169,169,-15.423310195795644,591.3672829830438,717.8880288605078,0.006666666828095913,1.1114406785444053,0.44886838689822706,0.5419596480399584,-15.423310195795644,1.1114406785444053,27.139606556061835,1360.3551578718111,-0.011884813196957111,tensor(3546.0991),4963.271601504297,"tensor(15495.5867, dtype=torch.float64)"
170,170,-15.366207069888567,591.8939918235413,723.7847858047163,0.006666666828095913,1.1117337369273927,0.4444280146983594,0.5404379969206154,-15.366207069888567,1.1117337369273927,27.411002621622455,1375.0224324761828,-0.011947103776037693,tensor(3546.0991),5009.943664671795,"tensor(15495.5867, dtype=torch.float64)"
171,171,-15.308431762855111,592.2652441074046,729.6693088433266,0.006666666828095913,1.1120302450053026,0.4399354187798968,0.5388984840305395,-15.308431762855111,1.1120302450053026,27.68511264783868,1389.7941802347323,-0.012010075151920319,tensor(3546.0991),5076.254497284826,"tensor(15495.5867, dtype=torch.float64)"
172,172,-15.249951837919449,592.4739330829899,735.5392575847374,0.006666666828095913,1.112330369245686,0.43538810263541766,0.5373402734752998,-15.249951837919449,1.112330369245686,27.961963774317066,1404.6705062361164,-0.012073732912540436,tensor(3546.0991),5126.685074835143,"tensor(15495.5867, dtype=torch.float64)"
173,173,-15.190779363208899,592.5175535829985,741.3937848584271,0.006666666828095913,1.1126340477131715,0.4307869892411662,0.5357636698092356,-15.190779363208899,1.1126340477131715,28.241583412060237,1419.6515105629173,-0.012138081714510918,tensor(3546.0991),5195.142171195068,"tensor(15495.5867, dtype=torch.float64)"
174,174,-15.130880276523115,592.3885911549814,747.2303982382867,0.006666666828095913,1.1129414552203276,0.42612945810897257,0.534167796431882,-15.130880276523115,1.1129414552203276,28.52399924618084,1434.7372549418847,-0.012203126214444637,tensor(3546.0991),5242.335383833561,"tensor(15495.5867, dtype=torch.float64)"
175,175,-15.070278371001937,592.0856940516039,753.0486093758558,0.006666666828095913,1.1132524696559416,0.42141733282270116,0.5325532581001182,-15.070278371001937,1.1132524696559416,28.809239238642647,1449.9278036744836,-0.012268871068954468,tensor(3546.0991),5303.694828057545,"tensor(15495.5867, dtype=torch.float64)"
176,176,-15.008958255353175,591.6032243151923,758.8465235498489,0.006666666828095913,1.1135671700089658,0.41664942624691814,0.530919655376843,-15.008958255353175,1.1135671700089658,29.097331631029075,1465.2231950427329,-0.012335321865975857,tensor(3546.0991),5364.74385757884,"tensor(15495.5867, dtype=torch.float64)"
177,177,-14.946908092840431,590.9358272845233,764.6223280434119,0.006666666828095913,1.113885617032777,0.4118248252246433,0.5292666807719875,-14.946908092840431,1.113885617032777,29.388304947339368,1480.6234431744094,-0.012402483262121677,tensor(3546.0991),5430.018022285367,"tensor(15495.5867, dtype=torch.float64)"
178,178,-14.884107914213633,590.0771215049062,770.3738611346104,0.006666666828095913,1.1142079132014382,0.4069419907774789,0.5275938175674622,-14.884107914213633,1.1142079132014382,29.68218799681276,1496.128531173413,-0.012470360845327377,tensor(3546.0991),5464.717944588105,"tensor(15495.5867, dtype=torch.float64)"
179,179,-14.820615448457412,589.029507666669,776.1018315880651,0.006666666828095913,1.1145337622540479,0.40200535351666666,0.5259025395292725,-14.820615448457412,1.1145337622540479,29.97900987678089,1511.738469219722,-0.01253895927220583,tensor(3546.0991),5549.923647359945,"tensor(15495.5867, dtype=torch.float64)"
180,180,-14.75635442020107,587.7800879616767,781.801935427011,0.006666666828095913,1.1148635556365778,0.3970090501794082,0.5241908891320769,-14.75635442020107,1.1148635556365778,30.278799975548697,1527.4531930623311,-0.012608283199369907,tensor(3546.0991),5612.46082163672,"tensor(15495.5867, dtype=torch.float64)"
181,181,-14.69131832223256,586.3237135191096,787.472380102088,0.006666666828095913,1.115197326747436,0.3919525761276895,0.5224586944379139,-14.69131832223256,1.115197326747436,30.581587975304185,1543.2726153667031,-0.012678338214755058,tensor(3546.0991),5677.267165241006,"tensor(15495.5867, dtype=torch.float64)"
182,182,-14.625496150507015,584.6546281279369,793.1111640004817,0.006666666828095913,1.1155351320594054,0.3868350820263134,0.5207056692306424,-14.625496150507015,1.1155351320594054,30.887403855057226,1559.1966215995196,-0.012749128974974155,tensor(3546.0991),5741.162524899351,"tensor(15495.5867, dtype=torch.float64)"
183,183,-14.55888100068482,582.7674658877914,798.7164005780448,0.006666666828095913,1.1158770070063333,0.38165603267990317,0.5189316313865134,-14.55888100068482,1.1158770070063333,31.1962778936078,1575.2250724713185,-0.012820661067962646,tensor(3546.0991),5789.829707289115,"tensor(15495.5867, dtype=torch.float64)"
184,184,-14.491504010102043,580.6613846668,804.2876812994189,0.006666666828095913,1.116222791788348,0.376417816677879,0.5171373746184733,-14.491504010102043,1.116222791788348,31.508240672543877,1591.3578337190872,-0.01289293821901083,tensor(3546.0991),5849.193050244765,"tensor(15495.5867, dtype=torch.float64)"
185,185,-14.42336387979022,578.3316979931925,809.8233325540489,0.006666666828095913,1.1165724930732115,0.3711203286059882,0.5153228594422657,-14.42336387979022,1.1165724930732115,31.823323079269315,1607.5947503984576,-0.012965966947376728,tensor(3546.0991),5924.010229408275,"tensor(15495.5867, dtype=torch.float64)"
186,186,-14.354421711815839,575.769036983289,815.3201343176659,0.006666666828095913,1.1169263104864136,0.36576057724830674,0.5134870863023894,-14.354421711815839,1.1169263104864136,32.14155631006201,1623.9356158428911,-0.01303975097835064,tensor(3546.0991),5980.479936757416,"tensor(15495.5867, dtype=torch.float64)"
187,187,-14.284690629010685,572.9702678727601,820.7768928528741,0.006666666828095913,1.1172841766805781,0.3603395657984558,0.5116303858714274,-14.284690629010685,1.1172841766805781,32.46297187316263,1640.3802127003164,-0.013114295899868011,tensor(3546.0991),6057.6920640313765,"tensor(15495.5867, dtype=torch.float64)"
188,188,-14.214130364341536,569.9255661414734,826.1902088984098,0.006666666828095913,1.1176462983134523,0.3548541971686992,0.5097517226823928,-14.214130364341536,1.1176462983134523,32.78760159189426,1656.928268536051,-0.013189606368541718,tensor(3546.0991),6120.502131241607,"tensor(15495.5867, dtype=torch.float64)"
189,189,-14.14274337001658,566.630282464869,831.5583611373394,0.006666666828095913,1.1180126627952032,0.3493046547922299,0.5078511541543926,-14.14274337001658,1.1180126627952032,33.115477607813204,1673.579489846449,-0.013265687972307205,tensor(3546.0991),6179.503671263286,"tensor(15495.5867, dtype=torch.float64)"
190,190,-14.070540567643285,563.0808295705015,836.879969539172,0.006666666828095913,1.1183832140790622,0.3436917736535698,0.5059289555111924,-14.070540567643285,1.1183832140790622,33.446632383891334,1690.3335688438242,-0.013342545367777348,tensor(3546.0991),6231.438076524297,"tensor(15495.5867, dtype=torch.float64)"
191,191,-13.997547624148853,559.275552007014,842.1542838205088,0.006666666828095913,1.1187578204358342,0.3380175212427597,0.5039857794783974,-13.997547624148853,1.1187578204358342,33.781098707730244,1707.1901959367472,-0.013420183211565018,tensor(3546.0991),6315.089491493185,"tensor(15495.5867, dtype=torch.float64)"
192,192,-13.923707406019258,555.2020488121856,847.3770136043202,0.006666666828095913,1.119136775084699,0.3322775049013484,0.5020201587321149,-13.923707406019258,1.119136775084699,34.11890969480755,1724.148988472147,-0.013498606160283089,tensor(3546.0991),6374.903843508335,"tensor(15495.5867, dtype=torch.float64)"
193,193,-13.849031947245628,550.8567186723492,852.5467342680008,0.006666666828095913,1.1195200162620476,0.32647264409273397,0.5000323960348542,-13.849031947245628,1.1195200162620476,34.46009879175563,1741.2095486369385,-0.013577819801867008,tensor(3546.0991),6446.12622316787,"tensor(15495.5867, dtype=torch.float64)"
194,194,-13.773502677646828,546.2319012789077,857.6606780433436,0.006666666828095913,1.119907639274775,0.32060150837628315,0.4980220114686622,-13.773502677646828,1.119907639274775,34.804699779673186,1758.3714363526174,-0.01365782879292965,tensor(3546.0991),6501.920014636475,"tensor(15495.5867, dtype=torch.float64)"
195,195,-13.697142073102158,541.3253330185469,862.7178361965421,0.006666666828095913,1.1202995287730646,0.31466581936236454,0.4959895751783714,-13.697142073102158,1.1202995287730646,35.152746777469915,1775.6342046105483,-0.01373863872140646,tensor(3546.0991),6591.3937605730025,"tensor(15495.5867, dtype=torch.float64)"
196,196,-13.619885390203287,536.1229596469241,867.7133121797488,0.006666666828095913,1.1206960170252986,0.308660600537131,0.493933425842506,-13.619885390203287,1.1206960170252986,35.504274245244616,1792.997321254118,-0.013820253312587738,tensor(3546.0991),6659.692220582976,"tensor(15495.5867, dtype=torch.float64)"
197,197,-13.541732163647337,530.6191703048925,872.644954095257,0.006666666828095913,1.1210971064219375,0.30258581136253176,0.4918535462230922,-13.541732163647337,1.1210971064219375,35.85931698769706,1810.460224447719,-0.013902678154408932,tensor(3546.0991),6730.122043180163,"tensor(15495.5867, dtype=torch.float64)"
198,198,-13.462676407709594,524.8075504005285,877.5103331179743,0.006666666828095913,1.1215028276788952,0.29644098793873963,0.4897497785824454,-13.462676407709594,1.1215028276788952,36.21791015757403,1828.0223170025613,-0.013985917903482914,tensor(3546.0991),6790.290471966378,"tensor(15495.5867, dtype=torch.float64)"
199,199,-13.382738093569401,518.68525732526,882.3081833679405,0.006666666828095913,1.121913078305271,0.29022766038594217,0.48762262985621985,-13.382738093569401,1.121913078305271,36.58008925914977,1845.6829896014938,-0.014069977216422558,tensor(3546.0991),6867.323413964943,"tensor(15495.5867, dtype=torch.float64)"
200,200,-13.30189146277796,512.2430520857475,887.0351220192258,0.006666666828095913,1.122327990493307,0.28394384516845217,0.48547143514056273,-13.30189146277796,1.122327990493307,36.945890151741274,1863.441578031703,-0.014154861681163311,tensor(3546.0991),6945.017050632741,"tensor(15495.5867, dtype=torch.float64)"
201,201,-13.22011382087818,505.4719589477331,891.6878315654374,0.006666666828095913,1.1227476807147165,0.27758779581414145,0.483295609794571,-13.22011382087818,1.1227476807147165,37.315349053258686,1881.2973645419922,-0.014240575022995472,tensor(3546.0991),7006.63447298354,"tensor(15495.5867, dtype=torch.float64)"
202,202,-13.13742605473815,498.3691270987803,896.2649907892721,0.006666666828095913,1.123172041775245,0.2711611118857172,0.48109568328052355,-13.13742605473815,1.123172041775245,37.68850254379127,1899.249617891621,-0.014327122829854488,tensor(3546.0991),7069.332281098119,"tensor(15495.5867, dtype=torch.float64)"
203,203,-13.053841853241384,490.9307483449932,900.7649577588351,0.006666666828095913,1.123601003423406,0.26466484088586123,0.47887200166157246,-13.053841853241384,1.123601003423406,38.06538756922919,1917.2975865443937,-0.014414509758353233,tensor(3546.0991),7165.549974918948,"tensor(15495.5867, dtype=torch.float64)"
204,204,-12.969289268360146,483.1404752254255,905.1819419692443,0.006666666828095913,1.1240349349025558,0.25809345288008695,0.47662271914269516,-12.969289268360146,1.1240349349025558,38.44604144492148,1935.44041507286,-0.014502739533782005,tensor(3546.0991),7228.049785072217,"tensor(15495.5867, dtype=torch.float64)"
205,205,-12.883793187673989,474.9958874280616,909.5147058872853,0.006666666828095913,1.1244737084861318,0.2514488547390097,0.4743484676221399,-12.883793187673989,1.1244737084861318,38.83050185937069,1953.6772359183958,-0.014591817744076252,tensor(3546.0991),7299.44502440386,"tensor(15495.5867, dtype=torch.float64)"
206,206,-12.797351207725214,466.4905960805469,913.7606968953213,0.006666666828095913,1.1249173365111167,0.244730857856655,0.47204918112684,-12.797351207725214,1.1249173365111167,39.2188068779644,1972.007142523856,-0.014681749045848846,tensor(3546.0991),7387.3679291680455,"tensor(15495.5867, dtype=torch.float64)"
207,207,-12.709920165972363,457.6120132102523,917.9152982877187,0.006666666828095913,1.125366040489762,0.2379361434206153,0.46972375090246593,-12.709920165972363,1.125366040489762,39.61099494674404,1990.4291475964928,-0.014772537164390087,tensor(3546.0991),7456.012853441993,"tensor(15495.5867, dtype=torch.float64)"
208,208,-12.62151255940957,448.35576725534514,921.9765718638358,0.006666666828095913,1.1258197562863361,0.23106566655531516,0.4673724915985356,-12.62151255940957,1.1258197562863361,40.00710489621149,2008.9422369994495,-0.014864187687635422,tensor(3546.0991),7520.392652233713,"tensor(15495.5867, dtype=torch.float64)"
209,209,-12.532148487877878,438.71871296185293,925.9429759357691,0.006666666828095913,1.1262783807474275,0.2241209680154493,0.4649959143164205,-12.532148487877878,1.1262783807474275,40.407175945173606,2027.5453773198162,-0.014956704340875149,tensor(3546.0991),7611.288138713804,"tensor(15495.5867, dtype=torch.float64)"
210,210,-12.441778024698241,428.6869194470216,929.8093929147692,0.006666666828095913,1.1267421701024958,0.21709820866059487,0.4625927362382377,-12.441778024698241,1.1267421701024958,40.811247704625345,2046.2374434039539,-0.015050091780722141,tensor(3546.0991),7684.983375984011,"tensor(15495.5867, dtype=torch.float64)"
211,211,-12.350403184141417,418.2542913053726,933.5732572902162,0.006666666828095913,1.1272111140104608,0.20999753911907795,0.46016300446902064,-12.350403184141417,1.1272111140104608,41.2193601816716,2065.0172697638436,-0.015144354663789272,tensor(3546.0991),7755.7437539955135,"tensor(15495.5867, dtype=torch.float64)"
212,212,-12.258032356371219,407.4157396255763,937.2323193643518,0.006666666828095913,1.127685169417202,0.20281959993257273,0.4577069294182522,-12.258032356371219,1.127685169417202,41.631553783488314,2083.8836565451816,-0.015239497646689415,tensor(3546.0991),7847.020520071266,"tensor(15495.5867, dtype=torch.float64)"
213,213,-12.164620893075185,396.1577439253999,940.7815262676736,0.006666666828095913,1.1281645654552643,0.1955609580834612,0.4552233642631993,-12.164620893075185,1.1281645654552643,42.0478693213232,2102.8353125180056,-0.015335524454712868,tensor(3546.0991),7916.497868253617,"tensor(15495.5867, dtype=torch.float64)"
214,214,-12.070186536476772,384.4765603843538,944.2190203624809,0.006666666828095913,1.128649211078067,0.1882229725622297,0.4527127588962825,-12.070186536476772,1.128649211078067,42.46834801453643,2121.870919444172,-0.015432439744472504,tensor(3546.0991),7992.673134918441,"tensor(15495.5867, dtype=torch.float64)"
215,215,-11.974726362156547,372.36518269928297,947.5418527348918,0.006666666828095913,1.1291391212866304,0.18080541455229457,0.45017503394089825,-11.974726362156547,1.1291391212866304,42.89303149468179,2140.98910945303,-0.015530248172581196,tensor(3546.0991),8025.006912426092,"tensor(15495.5867, dtype=torch.float64)"
216,216,-11.878346503627,359.8344750127827,950.7529731244832,0.006666666828095913,1.1296337513987307,0.1733164343812948,0.44761290431028133,-11.878346503627,1.1296337513987307,43.32196180962861,2160.1885838550365,-0.015628952533006668,tensor(3546.0991),8138.434236681904,"tensor(15495.5867, dtype=torch.float64)"
217,217,-11.780929874205082,346.85899293347,953.8433344875406,0.006666666828095913,1.130133702313765,0.16574703398539578,0.44502336754541155,-11.780929874205082,1.130133702313765,43.7551814277249,2179.4678691882314,-0.015728557482361794,tensor(3546.0991),8220.206224050955,"tensor(15495.5867, dtype=torch.float64)"
218,218,-11.6824607770377,333.4295151795485,956.8091884908961,0.006666666828095913,1.1306390545861547,0.15809600350103278,0.4424060172540255,-11.6824607770377,1.1306390545861547,44.19273324200215,2198.8254247378986,-0.015829067677259445,tensor(3546.0991),8316.994113909197,"tensor(15495.5867, dtype=torch.float64)"
219,219,-11.5828886137778,319.53085338092694,959.6447826115027,0.006666666828095913,1.1311500678920408,0.15035945300139403,0.43975955431032554,-11.5828886137778,1.1311500678920408,44.63466057442217,2218.259601412157,-0.01593048684298992,tensor(3546.0991),8378.891109358985,"tensor(15495.5867, dtype=torch.float64)"
220,220,-11.48225923292253,305.1639048920207,962.3496487335486,0.006666666828095913,1.1316665069362857,0.14254090118607812,0.4370851491306513,-11.48225923292253,1.1316665069362857,45.081007180166395,2237.768748685724,-0.01603281870484352,tensor(3546.0991),8484.347686007852,"tensor(15495.5867, dtype=torch.float64)"
221,221,-11.38050007316027,290.309563770973,964.9166884437312,0.006666666828095913,1.132188744107005,0.1346347709507653,0.4343809401967022,-11.38050007316027,1.132188744107005,45.53181725196806,2257.351078969659,-0.016136066988110542,tensor(3546.0991),8554.291564365732,"tensor(15495.5867, dtype=torch.float64)"
222,222,-11.277641034222292,274.966003120028,967.3444705076573,0.006666666828095913,1.132716625955373,0.12664335419534442,0.43164768774981804,-11.277641034222292,1.132716625955373,45.98713542448774,2277.004782605518,-0.016240237280726433,tensor(3546.0991),8641.973197572283,"tensor(15495.5867, dtype=torch.float64)"
223,223,-11.17366112934507,259.12273168238016,969.628687379141,0.006666666828095913,1.133250260189597,0.11856503725057124,0.428884852658487,-11.17366112934507,1.133250260189597,46.447006778732614,2296.727968406235,-0.016345331445336342,tensor(3546.0991),8717.583376767812,"tensor(15495.5867, dtype=torch.float64)"
224,224,-11.068573114880875,242.77508039092942,971.7669253364917,0.006666666828095913,1.1337895813425416,0.1104007967565746,0.426092757985892,-11.068573114880875,1.1337895813425416,46.91147684651994,2316.5187016247746,-0.016451353207230568,tensor(3546.0991),8796.875641886378,"tensor(15495.5867, dtype=torch.float64)"
225,225,-10.962377378073883,225.9162900224585,973.7560592334759,0.006666666828095913,1.1343345874261785,0.10215065921965555,0.42327141008393976,-10.962377378073883,1.1343345874261785,47.380591614985136,2336.374988578721,-0.01655830629169941,tensor(3546.0991),8884.36971181701,"tensor(15495.5867, dtype=torch.float64)"
226,226,-10.855053016407783,208.5358261068162,975.5916865922685,0.006666666828095913,1.1348853857130003,0.0938130157609506,0.42042027017614897,-10.855053016407783,1.1348853857130003,47.854397531134985,2356.294749706599,-0.016666194424033165,tensor(3546.0991),8980.067643711576,"tensor(15495.5867, dtype=torch.float64)"
227,227,-10.746561986697081,190.61997317233548,977.2683159269479,0.006666666828095913,1.1354421714473921,0.08538494253574885,0.4175383624058525,-10.746561986697081,1.1354421714473921,48.33294150644634,2376.275796485668,-0.016775019466876984,tensor(3546.0991),9058.452964813332,"tensor(15495.5867, dtype=torch.float64)"
228,228,-10.636916590046791,172.16396683604088,978.7833751852913,0.006666666828095913,1.1360048814957107,0.07686737954878652,0.4146259963826721,-10.636916590046791,1.1360048814957107,48.8162709215108,2396.3158905158834,-0.016884787008166313,tensor(3546.0991),9114.745867676684,"tensor(15495.5867, dtype=torch.float64)"
229,229,-10.52618163942766,153.17279625320253,980.137516226639,0.006666666828095913,1.1365731832318315,0.06826530380490224,0.4116848298664574,-10.52618163942766,1.1365731832318315,49.30443363072591,2416.4128087049203,-0.016995498910546303,tensor(3546.0991),9233.361630516243,"tensor(15495.5867, dtype=torch.float64)"
230,230,-10.414251521301887,133.6203901304565,981.3210800499108,0.006666666828095913,1.1371476186763123,0.05957059939774342,0.40871215507156383,-10.414251521301887,1.1371476186763123,49.79747796703317,2436.564130028717,-0.01710715889930725,tensor(3546.0991),9305.86127237021,"tensor(15495.5867, dtype=torch.float64)"
231,231,-10.301157004850495,113.50550144015334,982.3325725185331,0.006666666828095913,1.1377280299187686,0.05078562824981726,0.40570875806373036,-10.301157004850495,1.1377280299187686,50.295452746703496,2456.767402969428,-0.017219768837094307,tensor(3546.0991),9409.311294086976,"tensor(15495.5867, dtype=torch.float64)"
232,232,-10.186843961399711,92.81117662683819,983.1652658196435,0.006666666828095913,1.138314694750521,0.04190622919192719,0.4026732493030314,-10.186843961399711,1.138314694750521,50.79840727417053,2477.0200363521103,-0.01733333244919777,tensor(3546.0991),9487.449610300711,"tensor(15495.5867, dtype=torch.float64)"
233,233,-10.071332142577452,71.53418725607668,983.8169342707113,0.006666666828095913,1.13890751180417,0.03293391621268446,0.39960613096881037,-10.071332142577452,1.13890751180417,51.306391346912235,2497.3193913423192,-0.017447853460907936,tensor(3546.0991),9580.72645516775,"tensor(15495.5867, dtype=torch.float64)"
234,234,-9.954598379280426,49.66330668627365,984.2826773000356,0.006666666828095913,1.1395065999895457,0.023866908037598437,0.39650680806114036,-9.954598379280426,1.1395065999895457,51.81945526038136,2517.662724808419,-0.017563333734869957,tensor(3546.0991),9659.996122196899,"tensor(15495.5867, dtype=torch.float64)"
235,235,-9.836658777783391,27.194801185801026,984.5600418788806,0.006666666828095913,1.140111876643297,0.014706440167243637,0.3933756911717828,-9.836658777783391,1.140111876643297,52.33764981298518,2538.047238837617,-0.01767977513372898,tensor(3546.0991),9680.685433958308,"tensor(15495.5867, dtype=torch.float64)"
236,236,-9.717674058207134,4.153167993924498,984.6559378621857,0.006666666828095913,1.140722516936638,0.0054648551521447805,0.3902168920007189,-9.717674058207134,1.140722516936638,52.861026311115026,2558.470273882262,-0.017797181382775307,tensor(3546.0991),9837.550283925957,"tensor(15495.5867, dtype=torch.float64)"
237,237,-9.59742705146522,-19.50990128923629,984.5531220714767,0.006666666828095913,1.1413396354033791,-0.003874530461997726,0.38702484815475224,-9.59742705146522,1.1413396354033791,53.389636574226174,2578.928804563626,-0.017915554344654083,tensor(3546.0991),9926.165319844149,"tensor(15495.5867, dtype=torch.float64)"
238,238,-9.475915893884686,-43.80152849317292,984.2478977531351,0.006666666828095913,1.1419632416050602,-0.01331186150286203,0.38379951011622654,-9.475915893884686,1.1419632416050602,53.92353293996844,2599.4197209260974,-0.01803489588201046,tensor(3546.0991),10015.167705173604,"tensor(15495.5867, dtype=torch.float64)"
239,239,-9.353137292638134,-56.537255724669535,983.7364698097044,0.0,1.142593352441078,-0.018155207857489586,0.3805407917937071,-9.353137292638134,1.142593352441078,54.46276826936813,2619.939824847387,-0.018155207857489586,tensor(3546.0991),10096.484906181577,"tensor(15495.5867, dtype=torch.float64)"
240,240,-9.229107354595374,-57.103320850554,983.0163295024456,0.0,1.1432298852531262,-0.01827649213373661,0.37724910384668087,-9.229107354595374,1.1432298852531262,55.007395952061806,2640.4858553700155,-0.01827649213373661,tensor(3546.0991),10196.34709138202,"tensor(15495.5867, dtype=torch.float64)"
241,241,-9.103790924894597,-57.676121182989554,982.0815733296045,0.0,1.1438730204522682,-0.018398750573396683,0.3739235443101051,-9.103790924894597,1.1438730204522682,55.55746991158242,2661.05441582768,-0.018398750573396683,tensor(3546.0991),10264.705178484903,"tensor(15495.5867, dtype=torch.float64)"
242,242,-8.97723932131778,-58.255719517570334,980.9320631321687,0.0,1.1445224946774775,-0.018521985039114952,0.3705654254408561,-8.97723932131778,1.1445224946774775,56.113044610698246,2681.642093301883,-0.018521985039114952,tensor(3546.0991),10395.987072189804,"tensor(15495.5867, dtype=torch.float64)"
243,243,-8.84933217337186,-58.84200527321929,979.5560965982377,0.0,1.1451789256761067,-0.018646197393536568,0.3671716633344527,-8.84933217337186,1.1451789256761067,56.67417505680523,2702.2452132263534,-0.018646197393536568,tensor(3546.0991),10461.986587402178,"tensor(15495.5867, dtype=torch.float64)"
244,244,-8.720138847910095,-59.435051268366,977.9547036262339,0.0,1.14584195745495,-0.01877138949930668,0.3637440323756638,-8.720138847910095,1.14584195745495,57.24091680737329,2722.86010619308,-0.01877138949930668,tensor(3546.0991),10536.333513332414,"tensor(15495.5867, dtype=torch.float64)"
245,245,-8.58969284691085,-60.034887892795325,976.1266311919136,0.0,1.1465114180776854,-0.018897561356425285,0.3602833903772463,-8.58969284691085,1.1465114180776854,57.81332597544702,2743.483057768742,-0.018897561356425285,tensor(3546.0991),10654.805677153752,"tensor(15495.5867, dtype=torch.float64)"
246,246,-8.457907097100557,-60.641427434254915,974.0623118177734,0.0,1.1471877544120122,-0.019024714827537537,0.35678750604469833,-8.457907097100557,1.1471877544120122,58.391459235201495,2764.110130159671,-0.019024714827537537,tensor(3546.0991),10746.725784281385,"tensor(15495.5867, dtype=torch.float64)"
247,247,-8.324778860930055,-61.25465540794153,971.7578998465302,0.0,1.1478709805070482,-0.019152849912643433,0.3532563092798394,-8.324778860930055,1.1478709805070482,58.97537382755351,2784.7372815425624,-0.019152849912643433,tensor(3546.0991),10832.34597729682,"tensor(15495.5867, dtype=torch.float64)"
248,248,-8.190321202168157,-61.874569135307944,969.2106820007548,0.0,1.1485610293196347,-0.019281966611742973,0.34969013458793474,-8.190321202168157,1.1485610293196347,59.565127565829044,2805.3603879536936,-0.019281966611742973,tensor(3546.0991),10904.262158214697,"tensor(15495.5867, dtype=torch.float64)"
249,249,-8.054578963027677,-62.50119926295849,966.4202649622242,0.0,1.1492576707133773,-0.019412066787481308,0.34609012836390085,-8.054578963027677,1.1492576707133773,60.160778841487335,2825.9752905989635,-0.019412066787481308,tensor(3546.0991),10986.22479732486,"tensor(15495.5867, dtype=torch.float64)"
250,250,-7.9175614053077945,-63.13453290342091,963.3838461483269,0.0,1.1499608571566988,-0.019543150439858437,0.34245652776338287,-7.9175614053077945,1.1499608571566988,60.76238662990221,2846.57774202856,-0.019543150439858437,tensor(3546.0991),11123.20920327853,"tensor(15495.5867, dtype=torch.float64)"
251,251,-7.779133123910324,-63.774413834043315,960.0881941280174,0.0,1.1506712835597748,-0.01967521943151951,0.3387858639424689,-7.779133123910324,1.1506712835597748,61.37001049620123,2867.1631796781776,-0.01967521943151951,tensor(3546.0991),11203.942732130992,"tensor(15495.5867, dtype=torch.float64)"
252,252,-7.639329554174893,-64.42083759543158,956.5322235110242,0.0,1.1513887680687764,-0.019808271899819374,0.3350790460289407,-7.639329554174893,1.1513887680687764,61.983710601163246,2887.726984250031,-0.019808271899819374,tensor(3546.0991),11284.947309032199,"tensor(15495.5867, dtype=torch.float64)"
253,253,-7.498177491866418,-65.07379265759931,952.7143368934969,0.0,1.1521131731619745,-0.019942307844758034,0.33133676010766455,-7.498177491866418,1.1521131731619745,62.603547707174876,2908.2644661000713,-0.019942307844758034,tensor(3546.0991),11366.384656903101,"tensor(15495.5867, dtype=torch.float64)"
254,254,-7.35569638433145,-65.73325071661878,948.6325062283331,0.0,1.1528443990351835,-0.020077325403690338,0.32755950591650135,-7.35569638433145,1.1528443990351835,63.22958318424663,2928.7708532556535,-0.020077325403690338,tensor(3546.0991),11488.221372161875,"tensor(15495.5867, dtype=torch.float64)"
255,255,-7.21179614383775,-66.39908034028365,944.276622292219,0.0,1.1535829080247382,-0.020213326439261436,0.32374497496272575,-7.21179614383775,1.1535829080247382,63.8618790160891,2949.241113080541,-0.020213326439261436,tensor(3546.0991),11590.310546350083,"tensor(15495.5867, dtype=torch.float64)"
256,256,-7.066454555910225,-67.071199062385,939.6414876678695,0.0,1.1543288141429566,-0.02035030908882618,0.3198926002574933,-7.066454555910225,1.1543288141429566,64.50049780625,2969.670055616327,-0.02035030908882618,tensor(3546.0991),11608.482895902358,"tensor(15495.5867, dtype=torch.float64)"
257,257,-6.9198708422706385,-67.74973951329206,934.7386269882737,0.0,1.1550810949584949,-0.020488271489739418,0.31600748461829903,-6.9198708422706385,1.1550810949584949,65.1455027843125,2990.052695684708,-0.020488271489739418,tensor(3546.0991),11778.817494057468,"tensor(15495.5867, dtype=torch.float64)"
258,258,-6.77180819222267,-68.43440482941337,929.5469558360081,0.0,1.1558409658114543,-0.020627213642001152,0.31208356453172764,-6.77180819222267,1.1558409658114543,65.79695781215563,3010.3835364068477,-0.020627213642001152,tensor(3546.0991),11872.376693657832,"tensor(15495.5867, dtype=torch.float64)"
259,259,-6.622275163572539,-69.12512424775994,924.0636288616741,0.0,1.156608382778681,-0.020767133682966232,0.3081210608773603,-6.622275163572539,1.156608382778681,66.45492739027718,3030.656964850432,-0.020767133682966232,tensor(3546.0991),11960.794930483913,"tensor(15495.5867, dtype=torch.float64)"
260,260,-6.471290935312764,-69.8218260328251,918.2867079722436,0.0,1.157383247432393,-0.02090802788734436,0.30412046829902706,-6.471290935312764,1.157383247432393,67.11947666417996,3050.8672684891408,-0.02090802788734436,tensor(3546.0991),12051.152898892062,"tensor(15495.5867, dtype=torch.float64)"
261,261,-6.318864748389661,-70.52443398089764,912.2135866151255,0.0,1.1581655123470223,-0.021049896255135536,0.3000820234079731,-6.318864748389661,1.1581655123470223,67.79067143082176,3071.008616856612,-0.021049896255135536,tensor(3546.0991),12043.811208695523,"tensor(15495.5867, dtype=torch.float64)"
262,262,-6.165258622419659,-71.23311284660808,905.8615095202791,0.0,1.158953832817977,-0.02119273692369461,0.29601243703829266,-6.165258622419659,1.158953832817977,68.46857814512998,3091.075498715312,-0.02119273692369461,tensor(3546.0991),12251.645176838385,"tensor(15495.5867, dtype=torch.float64)"
263,263,-6.010118484797372,-71.94740847252001,899.200007030628,0.0,1.1597500259737819,-0.021336546167731285,0.29190264667120963,-6.010118484797372,1.1597500259737819,69.15326392658129,3111.0616578896897,-0.021336546167731285,tensor(3546.0991),12325.472191639827,"tensor(15495.5867, dtype=torch.float64)"
264,264,-5.853510008128783,-72.66727234073808,892.2310040503758,0.0,1.1605537547765057,-0.02148132212460041,0.28775433563836234,-5.853510008128783,1.1605537547765057,69.8447965658471,3130.9608094081073,-0.02148132212460041,tensor(3546.0991),12412.282065783977,"tensor(15495.5867, dtype=torch.float64)"
265,265,-5.695450741638437,-73.39259712605626,884.9528464876136,0.0,1.1613649291637094,-0.021627061069011688,0.2835679568588,-5.695450741638437,1.1613649291637094,70.54324453150558,3150.766555667503,-0.021627061069011688,tensor(3546.0991),12548.191816756269,"tensor(15495.5867, dtype=torch.float64)"
266,266,-5.535824429035596,-74.12313479004129,877.3532823637937,0.0,1.1621841457719642,-0.02177375927567482,0.2793405371358706,-5.535824429035596,1.1621841457719642,71.24867697682063,3170.472143486241,-0.02177375927567482,tensor(3546.0991),12632.109062112286,"tensor(15495.5867, dtype=torch.float64)"
267,267,-5.374673307370594,-74.85878341387993,869.4326469950761,0.0,1.1630111878390612,-0.021921413019299507,0.27507316152370276,-5.374673307370594,1.1630111878390612,71.96116374658884,3190.070742316636,-0.021921413019299507,tensor(3546.0991),12732.363646319369,"tensor(15495.5867, dtype=torch.float64)"
268,268,-5.21198700308506,-75.59938191266315,861.1872095141097,0.0,1.1638461086024234,-0.02207001857459545,0.27076556796657913,-5.21198700308506,1.1638461086024234,72.68077538405473,3209.5553476900172,-0.02207001857459545,tensor(3546.0991),12805.46559619368,"tensor(15495.5867, dtype=torch.float64)"
269,269,-5.047827685493354,-76.34483292499414,852.6192419836555,0.0,1.1646885889996719,-0.022219572216272354,0.26641935184478943,-5.047827685493354,1.1646885889996719,73.40758313789527,3228.9189127594136,-0.022219572216272354,tensor(3546.0991),12890.34050577844,"tensor(15495.5867, dtype=torch.float64)"
270,270,-4.882213012416408,-77.09498850952653,843.7276215071988,0.0,1.1655385384156784,-0.022370070219039917,0.26203496889117706,-4.882213012416408,1.1655385384156784,74.14165896927423,3248.1542665233287,-0.022370070219039917,tensor(3546.0991),12987.135609037126,"tensor(15495.5867, dtype=torch.float64)"
271,271,-4.715124395913465,-77.84964438081778,834.508396325456,0.0,1.1663960522392658,-0.022521505132317543,0.25761195023826955,-4.715124395913465,1.1663960522392658,74.88307555896698,3267.2540438843043,-0.022521505132317543,tensor(3546.0991),13092.66702960548,"tensor(15495.5867, dtype=torch.float64)"
272,272,-4.546522466805921,-78.60857760662508,824.9559482488269,0.0,1.1672613325206522,-0.022673873230814934,0.25314929142079035,-4.546522466805921,1.1672613325206522,75.63190631455664,3286.2106414014665,-0.022673873230814934,tensor(3546.0991),13191.001142299734,"tensor(15495.5867, dtype=torch.float64)"
273,273,-4.376393414447586,-79.37157984862394,815.0668257601809,0.0,1.1681344501354873,-0.02282717078924179,0.2486466423666127,-4.376393414447586,1.1681344501354873,76.38822537770221,3305.016260962367,-0.02282717078924179,tensor(3546.0991),13270.808388646692,"tensor(15495.5867, dtype=torch.float64)"
274,274,-4.204774174036192,-80.13847100048793,804.8419559331518,0.0,1.1690152155311488,-0.022981390357017517,0.24410495593551512,-4.204774174036192,1.1690152155311488,77.15210763147924,3323.6630053521835,-0.022981390357017517,tensor(3546.0991),13383.69735695934,"tensor(15495.5867, dtype=torch.float64)"
275,275,-4.03160498756781,-80.90896577203321,794.2743139801684,0.0,1.1699039353879364,-0.023136524483561516,0.23952270911867068,-4.03160498756781,1.1699039353879364,77.92362870779404,3342.142687186291,-0.023136524483561516,tensor(3546.0991),13412.253267365973,"tensor(15495.5867, dtype=torch.float64)"
276,276,-3.8570616887488782,-81.68300760808033,783.3769088370248,0.0,1.170799707314661,-0.02329256758093834,0.23490440950955338,-3.8570616887488782,1.170799707314661,78.70286499487197,3360.447291174737,-0.02329256758093834,tensor(3546.0991),13573.015474891989,"tensor(15495.5867, dtype=torch.float64)"
277,277,-3.680930978132153,-82.4601484302195,772.1300351665698,0.0,1.1717036259793672,-0.02344951406121254,0.23024460087842968,-3.680930978132153,1.1717036259793672,79.4898936448207,3378.5682009134703,-0.02344951406121254,tensor(3546.0991),13543.429075822001,"tensor(15495.5867, dtype=torch.float64)"
278,278,-3.5035497855974977,-83.24045723784582,760.5609635218833,0.0,1.1726139622315974,-0.02360735461115837,0.22555191926003484,-3.5035497855974977,1.1726139622315974,80.2847925812689,3396.4972989868356,-0.02360735461115837,tensor(3546.0991),13748.622197113931,"tensor(15495.5867, dtype=torch.float64)"
279,279,-3.3245582544141445,-84.02331733340135,748.6376730696863,0.0,1.1735325628857758,-0.023766081780195236,0.22081715760236775,-3.3245582544141445,1.1735325628857758,81.08764050708159,3414.225558683327,-0.023766081780195236,tensor(3546.0991),13836.935499292566,"tensor(15495.5867, dtype=torch.float64)"
280,280,-3.1439794236507144,-84.80846645857854,736.3607564288126,0.0,1.1744593097048093,-0.02392568811774254,0.21604091295122668,-3.1439794236507144,1.1744593097048093,81.8985169121524,3431.743806567538,-0.02392568811774254,tensor(3546.0991),13931.241212187335,"tensor(15495.5867, dtype=torch.float64)"
281,281,-2.9618143108353614,-85.59560945767252,723.7291188196839,0.0,1.1753941974662232,-0.02408616617321968,0.2112232184759576,-2.9618143108353614,1.1753941974662232,82.71750208127392,3449.0426748981304,-0.02408616617321968,tensor(3546.0991),14019.132596177747,"tensor(15495.5867, dtype=torch.float64)"
282,282,-2.778079624814236,-86.38444823394117,710.7432417385179,0.0,1.1763371404187712,-0.024247506633400917,0.20636451091024663,-2.778079624814236,1.1763371404187712,83.54467710208667,3466.1126317588496,-0.024247506633400917,tensor(3546.0991),14127.24439003272,"tensor(15495.5867, dtype=torch.float64)"
283,283,-2.5927328129517857,-87.17460715235525,697.3986220744424,0.0,1.1772883569454011,-0.024409698322415352,0.20146371136162594,-2.5927328129517857,1.1772883569454011,84.38012387310754,3482.9438524723446,-0.024409698322415352,tensor(3546.0991),14202.96959305415,"tensor(15495.5867, dtype=torch.float64)"
284,284,-2.4058257736969804,-87.96580269352776,683.6992293318889,0.0,1.1782475807005164,-0.02457273378968239,0.19652215582545943,-2.4058257736969804,1.1782475807005164,85.22392511183861,3499.526416324707,-0.02457273378968239,tensor(3546.0991),14301.536649202928,"tensor(15495.5867, dtype=torch.float64)"
285,285,-2.2173370025348795,-88.75765442200148,669.6428364054764,0.0,1.179214922046249,-0.02473660185933113,0.19153930434973432,-2.2173370025348795,1.179214922046249,86.076164362957,3515.8501476545825,-0.02473660185933113,tensor(3546.0991),14393.936883388786,"tensor(15495.5867, dtype=torch.float64)"
286,286,-2.0272644870985133,-89.54979311171624,655.2291316645084,0.0,1.180190391309993,-0.024901293218135834,0.18651511430662562,-2.0272644870985133,1.180190391309993,86.93692600658657,3531.9046532898155,-0.024901293218135834,tensor(3546.0991),14493.547052843263,"tensor(15495.5867, dtype=torch.float64)"
287,287,-1.8355855638177374,-90.34180170167191,640.4561895546562,0.0,1.1811741048028628,-0.025066794827580452,0.1814490178502365,-1.8355855638177374,1.1811741048028628,87.80629526665244,3547.6792731286296,-0.025066794827580452,tensor(3546.0991),14565.078628683928,"tensor(15495.5867, dtype=torch.float64)"
288,288,-1.6423569677040462,-91.13333337775437,625.3294401959789,0.0,1.1821657713565712,-0.02523309551179409,0.17634247836958927,-1.6423569677040462,1.1821657713565712,88.68435821931897,3563.163252852403,-0.02523309551179409,tensor(3546.0991),14642.130720873596,"tensor(15495.5867, dtype=torch.float64)"
289,289,-1.4476079108309126,-91.92400227852063,609.8521827663666,0.0,1.1831652410512405,-0.025400184094905853,0.1711962545126202,-1.4476079108309126,1.1831652410512405,89.57120180151216,3578.345682813406,-0.025400184094905853,tensor(3546.0991),14681.00313391909,"tensor(15495.5867, dtype=torch.float64)"
290,290,-1.2514648433691722,-92.71350656188339,594.0368793306476,0.0,1.1841718649347586,-0.025568049401044846,0.1660135947353718,-1.2514648433691722,1.1841718649347586,90.46691381952728,3593.2157200092424,-0.025568049401044846,tensor(3546.0991),14814.57693543518,"tensor(15495.5867, dtype=torch.float64)"
291,291,-1.0537691436157832,-93.50123824887127,577.8704560069202,0.0,1.1851864570659003,-0.025736676529049873,0.16079045174412582,-1.0537691436157832,1.1851864570659003,91.37158295772255,3607.761935950181,-0.025736676529049873,tensor(3546.0991),14897.337478071451,"tensor(15495.5867, dtype=torch.float64)"
292,292,-0.8545309176525944,-94.2867400121737,561.3552877463542,0.0,1.186208965581936,-0.025906052440404892,0.15552709678018317,-0.8545309176525944,1.186208965581936,92.28529878729978,3621.9726929758053,-0.025906052440404892,tensor(3546.0991),14972.486711292062,"tensor(15495.5867, dtype=torch.float64)"
293,293,-0.653777768748002,-95.06954987405065,544.4956728563184,0.0,1.187239248818985,-0.026076162233948708,0.15022425085916308,-0.653777768748002,1.187239248818985,93.20815177517278,3635.8361828514417,-0.026076162233948708,tensor(3546.0991),15060.971359398216,"tensor(15495.5867, dtype=torch.float64)"
294,294,-0.45149382474562394,-95.84915443289364,527.2922289380891,0.0,1.1882773882318711,-0.026246992871165276,0.14488152001352095,-0.45149382474562394,1.1882773882318711,94.1402332929245,3649.34032155828,-0.026246992871165276,tensor(3546.0991),15105.948266650317,"tensor(15495.5867, dtype=torch.float64)"
295,295,-0.2477847731648577,-96.62513747864176,509.7571365311635,0.0,1.1893228414263426,-0.026418529450893402,0.13950162464256885,-0.2477847731648577,1.1893228414263426,95.08163562585375,3662.4730370468733,-0.026418529450893402,tensor(3546.0991),15233.41949551017,"tensor(15495.5867, dtype=torch.float64)"
296,296,-0.04250665609049875,-97.3968160415097,491.87982891464014,0.0,1.1903763472070046,-0.026590755209326744,0.13408089471051737,-0.04250665609049875,1.1903763472070046,96.03245198211229,3675.221667822127,-0.026590755209326744,tensor(3546.0991),15306.115677482914,"tensor(15495.5867, dtype=torch.float64)"
297,297,0.164306499103283,-98.16366547037165,473.66645032024746,0.0,1.1914377309401303,-0.026763655245304108,0.128620215715409,0.164306499103283,1.1914377309401303,96.99277650193342,3687.573382511746,-0.026763655245304108,tensor(3546.0991),15371.763711739331,"tensor(15495.5867, dtype=torch.float64)"
298,298,0.37260921068009445,-98.92514319673839,455.1246269963725,0.0,1.1925067592119607,-0.026937210932374,0.12312077003637961,0.37260921068009445,1.1925067592119607,97.96270426695276,3699.5152078426304,-0.026937210932374,tensor(3546.0991),15449.997978917323,"tensor(15495.5867, dtype=torch.float64)"
299,299,0.5824011915277421,-99.68065999213648,436.2581410202485,0.0,1.1935834305490314,-0.02711140736937523,0.1175825792637133,0.5824011915277421,1.1935834305490314,98.94233130962229,3711.033915281987,-0.02711140736937523,tensor(3546.0991),15495.586714070057,"tensor(15495.5867, dtype=torch.float64)"
