,Opt_val,Eval_val,Loss_val,Eps,Test_val,Violations,Violation_val,Violation_train
0,-35408.76916226872,49207.85836562513,30812.246405081987,0.01,-35408.76916226872,0.3479364216327667,6.308328830410703,5.14604968800983
1,-35357.68699146945,22705.307186930255,8012.258414054009,0.08666666666666667,-35357.68699146945,0.31555548310279846,4.601224041316639,3.565280486339137
2,-35306.60482240012,3157.197436988379,-7993.673119970395,0.16333333333333336,-35306.60482240012,0.21333330869674683,3.2014136270975238,2.3348648311029367
3,-35255.52264693274,-9964.09173396454,-17247.1830685338,0.24000000000000005,-35255.52264693274,0.18730157613754272,2.171220876072817,1.5626188792243645
4,-35204.440503073376,-21754.23328271289,-25521.068819841195,0.3166666666666667,-35204.440503073376,0.16698409616947174,1.165008406883176,0.8255088363839518
5,-35153.35829660771,-31746.79654765319,-32521.67623116179,0.39333333333333337,-35153.35829660771,0.10857141017913818,0.23504346711266655,0.15979357006344821
6,-35102.27612634013,-33862.96328002749,-33845.450154179765,0.4700000000000001,-35102.27612634013,0.018412699922919273,0.023172707331228302,0.024902563192703127
7,-35051.19395551063,-33940.347101818865,-33933.96673641768,0.5466666666666667,-35051.19395551063,0.010158730670809746,0.010474453617494243,0.011105498809339386
8,-35000.11179049678,-33949.3043907924,-33931.84143254634,0.6233333333333334,-35000.11179049678,0.004444444552063942,0.004534366772914681,0.006262448886921938
9,-34949.02961902503,-33921.48009424744,-33908.09330835757,0.7000000000000001,-34949.02961902503,0.0025396826677024364,0.0022323780166621015,0.0035574225727032743
10,-34897.94739977602,-33881.54226396701,-33872.79193558842,0.7766666666666667,-34897.94739977602,0.0012698413338512182,0.0011291567583832196,0.001995391914852547
11,-34846.82272657239,-33838.6043922751,-33830.36635258333,0.8533333333333334,-34846.82272657239,0.0006349206669256091,0.00031864044364110207,0.0011342292771454436
12,-34795.64664065541,-33790.64662560524,-33787.822748904524,0.9300000000000003,-34795.64664065541,0.0,0.0,0.0002795878827329325
13,-34744.44390685642,-33739.443891806244,-33739.443891806244,1.0066666666666668,-34744.44390685642,0.0,0.0,0.0
14,-34693.22567981389,-33688.22566476372,-33688.22566476372,1.0833333333333335,-34693.22567981389,0.0,0.0,0.0
15,-34641.99758750131,-33636.99757245114,-33636.99757245114,1.1600000000000001,-34641.99758750131,0.0,0.0,0.0
16,-34590.763025245724,-33585.76301019555,-33585.76301019555,1.2366666666666668,-34590.763025245724,0.0,0.0,0.0
17,-34539.523876584855,-33534.52386153468,-33534.52386153468,1.3133333333333335,-34539.523876584855,0.0,0.0,0.0
18,-34488.28146305258,-33483.28144800241,-33483.28144800241,1.3900000000000001,-34488.28146305258,0.0,0.0,0.0
19,-34437.0364309507,-33432.036415900526,-33432.036415900526,1.4666666666666668,-34437.0364309507,0.0,0.0,0.0
20,-34385.78953371757,-33380.7895186674,-33380.7895186674,1.5433333333333334,-34385.78953371757,0.0,0.0,0.0
21,-34334.541118985886,-33329.54110393571,-33329.54110393571,1.62,-34334.541118985886,0.0,0.0,0.0
22,-34283.29147691508,-33278.29146186491,-33278.29146186491,1.6966666666666665,-34283.29147691508,0.0,0.0,0.0
23,-34232.040812731735,-33227.04079768156,-33227.04079768156,1.7733333333333332,-34232.040812731735,0.0,0.0,0.0
24,-34180.78942591158,-33175.789410861405,-33175.789410861405,1.8500000000000003,-34180.78942591158,0.0,0.0,0.0
25,-34129.53724656859,-33124.537231518414,-33124.537231518414,1.9266666666666667,-34129.53724656859,0.0,0.0,0.0
26,-34078.28455006193,-33073.28453501176,-33073.28453501176,2.0033333333333334,-34078.28455006193,0.0,0.0,0.0
27,-34027.031372139616,-33022.03135708944,-33022.03135708944,2.08,-34027.031372139616,0.0,0.0,0.0
28,-33975.777793959256,-32970.77777890908,-32970.77777890908,2.1566666666666667,-33975.777793959256,0.0,0.0,0.0
29,-33924.523880178356,-32919.52386512818,-32919.52386512818,2.2333333333333334,-33924.523880178356,0.0,0.0,0.0
30,-33873.26954902539,-32868.26953397522,-32868.26953397522,2.31,-33873.26954902539,0.0,0.0,0.0
31,-33822.01508863178,-32817.015073581606,-32817.015073581606,2.3866666666666667,-33822.01508863178,0.0,0.0,0.0
32,-33770.760214287744,-32765.76019923757,-32765.76019923757,2.4633333333333334,-33770.760214287744,0.0,0.0,0.0
33,-33719.5052240107,-32714.50520896053,-32714.50520896053,2.54,-33719.5052240107,0.0,0.0,0.0
34,-33668.25003868432,-32663.250023634144,-32663.250023634144,2.6166666666666667,-33668.25003868432,0.0,0.0,0.0
35,-33616.99467723155,-32611.99466218138,-32611.99466218138,2.6933333333333334,-33616.99467723155,0.0,0.0,0.0
36,-33565.739170179535,-32560.739155129362,-32560.739155129362,2.77,-33565.739170179535,0.0,0.0,0.0
37,-33514.48361311373,-32509.483598063554,-32509.483598063554,2.8466666666666667,-33514.48361311373,0.0,0.0,0.0
38,-33463.22784595572,-32458.227830905547,-32458.227830905547,2.9233333333333333,-33463.22784595572,0.0,0.0,0.0
39,-33411.97190422062,-32406.971889170447,-32406.971889170447,3.0,-33411.97190422062,0.0,0.0,0.0
