,Opt_val,Eval_val,Loss_val,Eps,Test_val,Violations,Violation_val,Violation_train
0,-35522.96806321376,118403.77451772254,89032.94014576435,0.01,-35522.96806321376,0.4146031141281128,10.095382766902084,8.58453414892306
1,-35484.545396440495,87809.97355241771,62720.55889090632,0.08666666666666667,-35484.545396440495,0.3523808717727661,8.516901939963956,7.1165678497017595
2,-35446.122728227114,64227.543293306386,42558.0696380482,0.16333333333333336,-35446.122728227114,0.3155554234981537,7.2016569146282645,5.900262019256626
3,-35407.70005156788,42885.458241836444,24448.08478718251,0.24000000000000005,-35407.70005156788,0.29079359769821167,5.91831191290363,4.7226707996003805
4,-35369.27738971847,23685.902542719905,8108.318260365003,0.3166666666666667,-35369.27738971847,0.26158732175827026,4.668559842478311,3.5731558632020923
5,-35330.85471542257,7087.41939841193,-5555.449524913358,0.39333333333333337,-35330.85471542257,0.21904762089252472,3.495460572821774,2.531342380894205
6,-35292.43204438746,-3299.0909672036373,-13254.112521994037,0.4700000000000001,-35292.43204438746,0.15936508774757385,2.705728488305677,1.9031928672755465
7,-35254.00940193161,-12355.623987102485,-19434.97034961344,0.5466666666666667,-35254.00940193161,0.14730161428451538,1.9746333606314126,1.3733638515669435
8,-35215.58672632156,-20746.389901441755,-25151.922770029665,0.6233333333333334,-35215.58672632156,0.13904762268066406,1.2551042978881866,0.8602613052755119
9,-35177.16402722838,-28442.156161282004,-30454.03054058944,0.7000000000000001,-35177.16402722838,0.12253966182470322,0.552230550459684,0.3616569883599086
10,-35138.74135164456,-33506.903088224135,-33707.48455227045,0.7766666666666667,-35138.74135164456,0.05015873163938522,0.061873670566668836,0.04211583292768205
11,-35100.318685821694,-34021.140390548455,-34013.3975446003,0.8533333333333334,-35100.318685821694,0.007619048003107309,0.0073417158234166694,0.008107748353213472
12,-35061.89604304487,-34037.01485909983,-34015.673012929095,0.9300000000000003,-35061.89604304487,0.0038095240015536547,0.0019682407827771265,0.004080662292787346
13,-35023.473373256194,-34014.1501722276,-33993.37431423231,1.0066666666666668,-35023.473373256194,0.0006349206669256091,0.0004280291458723605,0.002484748216154518
14,-34985.05068541355,-33979.78217322244,-33964.460596777855,1.0833333333333335,-34985.05068541355,0.0006349206669256091,2.6583840352010305e-05,0.0015434537087671537
15,-34946.62801815876,-33941.628003108584,-33932.54241102265,1.1600000000000001,-34946.62801815876,0.0,0.0,0.0008995235161693111
16,-34908.20531773809,-33903.205302687915,-33897.43155709345,1.2366666666666668,-34908.20531773809,0.0,0.0,0.0005716418026173366
17,-34869.782646759515,-33864.78263170934,-33862.27743847229,1.3133333333333335,-34869.782646759515,0.0,0.0,0.00024803588869188985
18,-34831.35997473875,-33826.359959688576,-33826.359959688576,1.3900000000000001,-34831.35997473875,0.0,0.0,0.0
19,-34792.93734887075,-33787.93733382058,-33787.93733382058,1.4666666666666668,-34792.93734887075,0.0,0.0,0.0
20,-34754.5146366959,-33749.51462164573,-33749.51462164573,1.5433333333333334,-34754.5146366959,0.0,0.0,0.0
21,-34716.0920180334,-33711.09200298323,-33711.09200298323,1.62,-34716.0920180334,0.0,0.0,0.0
22,-34677.669287522716,-33672.66927247254,-33672.66927247254,1.6966666666666665,-34677.669287522716,0.0,0.0,0.0
23,-34639.246667785796,-33634.24665273562,-33634.24665273562,1.7733333333333332,-34639.246667785796,0.0,0.0,0.0
24,-34600.82399055952,-33595.823975509345,-33595.823975509345,1.8500000000000003,-34600.82399055952,0.0,0.0,0.0
25,-34562.401265992485,-33557.40125094231,-33557.40125094231,1.9266666666666667,-34562.401265992485,0.0,0.0,0.0
26,-34523.97718588865,-33518.97717083848,-33518.97717083848,2.0033333333333334,-34523.97718588865,0.0,0.0,0.0
27,-34485.542296397965,-33480.54228134779,-33480.54228134779,2.08,-34485.542296397965,0.0,0.0,0.0
28,-34447.09703054333,-33442.09701549316,-33442.09701549316,2.1566666666666667,-34447.09703054333,0.0,0.0,0.0
29,-34408.64337189964,-33403.64335684947,-33403.64335684947,2.2333333333333334,-34408.64337189964,0.0,0.0,0.0
30,-34370.18298097246,-33365.182965922286,-33365.182965922286,2.31,-34370.18298097246,0.0,0.0,0.0
31,-34331.71705424937,-33326.7170391992,-33326.7170391992,2.3866666666666667,-34331.71705424937,0.0,0.0,0.0
32,-34293.24652261692,-33288.24650756675,-33288.24650756675,2.4633333333333334,-34293.24652261692,0.0,0.0,0.0
33,-34254.77211008375,-33249.77209503358,-33249.77209503358,2.54,-34254.77211008375,0.0,0.0,0.0
34,-34216.29440580043,-33211.294390750256,-33211.294390750256,2.6166666666666667,-34216.29440580043,0.0,0.0,0.0
35,-34177.81390704107,-33172.813891990896,-33172.813891990896,2.6933333333333334,-34177.81390704107,0.0,0.0,0.0
36,-34139.33100032557,-33134.330985275396,-33134.330985275396,2.77,-34139.33100032557,0.0,0.0,0.0
37,-34100.84602197457,-33095.846006924396,-33095.846006924396,2.8466666666666667,-34100.84602197457,0.0,0.0,0.0
38,-34062.35917810182,-33057.359163051646,-33057.359163051646,2.9233333333333333,-34062.35917810182,0.0,0.0,0.0
39,-34023.87074008312,-33018.870725032946,-33018.870725032946,3.0,-34023.87074008312,0.0,0.0,0.0
