,Opt_val,Eval_val,Loss_val,Eps,Test_val,Violations,Violation_val,Violation_train
0,-35558.09970154706,-16609.910440596665,-14905.575601756853,0.01,-35558.09970154706,0.39619049429893494,11.785241263321378,12.550617694188828
1,-35514.315203638565,-20048.950071783882,-18497.734854910654,0.08666666666666667,-35514.315203638565,0.3720634877681732,10.131344556820723,10.884079844301507
2,-35470.530698040944,-23150.792845121745,-21755.78974443793,0.16333333333333336,-35470.530698040944,0.3504762351512909,8.511683346836655,9.246700468410696
3,-35426.74618430825,-25924.34195883127,-24676.47847439,0.24000000000000005,-35426.74618430825,0.3104762136936188,6.93079811573092,7.648390184618734
4,-35382.96171480305,-27850.594148322456,-26833.963508497658,0.3166666666666667,-35382.96171480305,0.23428571224212646,5.7318461110013725,6.361469074084758
5,-35339.17717719017,-29398.814439891074,-28556.634132188326,0.39333333333333337,-35339.17717719017,0.2120634913444519,4.692134893310631,5.250923778531621
6,-35295.392663257844,-30802.93666319948,-30115.332483455928,0.4700000000000001,-35295.392663257844,0.19936507940292358,3.678574670846905,4.168889359495144
7,-35251.60817566651,-32087.663015531787,-31529.98803174245,0.5466666666666667,-35251.60817566651,0.18412697315216064,2.678063357356344,3.1072859755182254
8,-35207.82366707885,-33023.13209837404,-32625.853790819423,0.6233333333333334,-35207.82366707885,0.11555556207895279,1.8872361843075192,2.214194959009273
9,-35164.039151067,-33573.18745140328,-33267.90455277558,0.7000000000000001,-35164.039151067,0.09587300568819046,1.3811599570364748,1.6440492135731655
10,-35120.25463714259,-34060.7340683029,-33838.868498490956,0.7766666666666667,-35120.25463714259,0.08253969252109528,0.9086516587630008,1.1083773464150082
11,-35076.47014505534,-34510.86272507163,-34364.81847912486,0.8533333333333334,-35076.47014505534,0.07555556297302246,0.45045725872728953,0.5879854643780726
12,-35032.6856700049,-34884.296476605,-34817.6032025144,0.9300000000000003,-35032.6856700049,0.03936508670449257,0.047304264569814215,0.1128178931856716
13,-34988.90114316778,-34886.7292129617,-34879.11334988275,1.0066666666666668,-34988.90114316778,0.0019047620007768273,0.0016552393167875072,0.009191650946823787
14,-34945.11663825457,-34844.32114063187,-34841.31998524994,1.0833333333333335,-34945.11663825457,0.0006349206669256091,0.0002925661761254095,0.003263484141282029
15,-34901.33213363876,-34800.83213213374,-34799.49272111262,1.1600000000000001,-34901.33213363876,0.0,0.0,0.0013260624741030633
16,-34857.54763466881,-34757.04763316379,-34756.49062392942,1.2366666666666668,-34857.54763466881,0.0,0.0,0.000551479235468832
17,-34813.763113579065,-34713.26311207405,-34713.10825671634,1.3133333333333335,-34813.763113579065,0.0,0.0,0.0001533209725939211
18,-34769.97858586863,-34669.47858436361,-34669.47858436361,1.3900000000000001,-34769.97858586863,0.0,0.0,0.0
19,-34726.194092669924,-34625.69409116491,-34625.69409116491,1.4666666666666668,-34726.194092669924,0.0,0.0,0.0
20,-34682.40957160566,-34581.909570100644,-34581.909570100644,1.5433333333333334,-34682.40957160566,0.0,0.0,0.0
21,-34638.625061635306,-34538.12506013029,-34538.12506013029,1.62,-34638.625061635306,0.0,0.0,0.0
22,-34594.84057881732,-34494.3405773123,-34494.3405773123,1.6966666666666665,-34594.84057881732,0.0,0.0,0.0
23,-34551.05608174122,-34450.5560802362,-34450.5560802362,1.7733333333333332,-34551.05608174122,0.0,0.0,0.0
24,-34507.27155127341,-34406.77154976839,-34406.77154976839,1.8500000000000003,-34507.27155127341,0.0,0.0,0.0
25,-34463.487041983164,-34362.98704047815,-34362.98704047815,1.9266666666666667,-34463.487041983164,0.0,0.0,0.0
26,-34419.702533452226,-34319.20253194721,-34319.20253194721,2.0033333333333334,-34419.702533452226,0.0,0.0,0.0
27,-34375.91802698996,-34275.41802548494,-34275.41802548494,2.08,-34375.91802698996,0.0,0.0,0.0
28,-34332.13352628516,-34231.63352478014,-34231.63352478014,2.1566666666666667,-34332.13352628516,0.0,0.0,0.0
29,-34288.34902839766,-34187.84902689264,-34187.84902689264,2.2333333333333334,-34288.34902839766,0.0,0.0,0.0
30,-34244.56460973094,-34144.064608225926,-34144.064608225926,2.31,-34244.56460973094,0.0,0.0,0.0
31,-34200.780010794304,-34100.28000928929,-34100.28000928929,2.3866666666666667,-34200.780010794304,0.0,0.0,0.0
32,-34156.99550244556,-34056.495500940546,-34056.495500940546,2.4633333333333334,-34156.99550244556,0.0,0.0,0.0
33,-34113.210995165995,-34012.71099366098,-34012.71099366098,2.54,-34113.210995165995,0.0,0.0,0.0
34,-34069.42648551549,-33968.92648401047,-33968.92648401047,2.6166666666666667,-34069.42648551549,0.0,0.0,0.0
35,-34025.64197770528,-33925.14197620026,-33925.14197620026,2.6933333333333334,-34025.64197770528,0.0,0.0,0.0
36,-33981.8574694476,-33881.35746794258,-33881.35746794258,2.77,-33981.8574694476,0.0,0.0,0.0
37,-33938.072952767056,-33837.57295126204,-33837.57295126204,2.8466666666666667,-33938.072952767056,0.0,0.0,0.0
38,-33894.288444391175,-33793.78844288616,-33793.78844288616,2.9233333333333333,-33894.288444391175,0.0,0.0,0.0
39,-33850.5039564645,-33750.00395495948,-33750.00395495948,3.0,-33850.5039564645,0.0,0.0,0.0
