,Opt_val,Eval_val,Loss_val,Eps,Test_val,Violations,Violation_val,Violation_train
0,-229.66445436835932,736397.1111663053,762025.4852309385,0.01,-229.66445436835932,0.6133333444595337,540.8210665111197,550.182994915746
1,-211.833890126021,478035.75864784146,493145.51197157113,0.08666666666666667,-211.833890126021,0.5600000023841858,435.38202639704684,442.23747967126644
2,-194.00332549777352,299983.2434632398,304896.6355149154,0.16333333333333336,-194.00332549777352,0.46666666865348816,344.5182516340157,347.342604811044
3,-176.17276088582622,181615.05138382583,177394.7040081386,0.24000000000000005,-176.17276088582622,0.40666666626930237,267.6673685448142,264.51894999719957
4,-158.34219633106017,100133.58893817756,94810.97852864365,0.3166666666666667,-158.34219633106017,0.36000001430511475,198.3017035718954,192.91466925295768
5,-140.5116317310731,49002.78953608612,45534.946937903245,0.39333333333333337,-140.5116317310731,0.30666667222976685,138.21883064384355,133.18203811103652
6,-122.68106713131871,20219.769267086784,18362.106300750675,0.4700000000000001,-122.68106713131871,0.24000000953674316,88.22738017745634,84.01113269311594
7,-104.85050253009778,7164.606407856343,6170.895584124845,0.5466666666666667,-104.85050253009778,0.1733333319425583,51.960937391362805,48.14278048395379
8,-87.01993792793266,2314.7638135691845,1898.0011168519563,0.6233333333333334,-87.01993792793266,0.09333333373069763,29.05983742067635,26.249042849483512
9,-69.18937332539707,614.5710399589329,436.4904829004671,0.7000000000000001,-69.18937332539707,0.05999999865889549,14.6584562704271,12.362170535484728
10,-51.35880872843561,150.78338637164816,58.22637554745878,0.7766666666666667,-51.35880872843561,0.02666666731238365,7.2117793091255455,4.916218165324006
11,-33.528244130274835,0.9856258581624608,-13.028188758666072,0.8533333333333334,-33.528244130274835,0.019999999552965164,2.219662071229747,1.4928530098822517
12,-15.697679531263038,-10.318650200833394,-9.30930815737642,0.9300000000000003,-15.697679531263038,0.006666666828095913,0.4802442888094425,0.560341490808335
13,2.1328850700126534,2.1328850700126534,3.197703371409556,1.0066666666666668,2.1328850700126534,0.0,0.0,0.10378880131983809
14,19.96344967107553,19.96344967107553,19.96344967107553,1.0833333333333335,19.96344967107553,0.0,0.0,0.0
15,37.79401427234881,37.79401427234881,37.79401427234881,1.1600000000000001,37.79401427234881,0.0,0.0,0.0
16,55.62457898025023,55.62457898025023,55.62457898025023,1.2366666666666668,55.62457898025023,0.0,0.0,0.0
17,73.4551435758425,73.4551435758425,73.4551435758425,1.3133333333333335,73.4551435758425,0.0,0.0,0.0
18,91.28570817026932,91.28570817026932,91.28570817026932,1.3900000000000001,91.28570817026932,0.0,0.0,0.0
19,109.11627280176333,109.11627280176333,109.11627280176333,1.4666666666666668,109.11627280176333,0.0,0.0,0.0
20,126.94683742006853,126.94683742006853,126.94683742006853,1.5433333333333334,126.94683742006853,0.0,0.0,0.0
21,144.77740203044073,144.77740203044073,144.77740203044073,1.62,144.77740203044073,0.0,0.0,0.0
22,162.60796663619303,162.60796663619303,162.60796663619303,1.6966666666666665,162.60796663619303,0.0,0.0,0.0
23,180.43853123798598,180.43853123798598,180.43853123798598,1.7733333333333332,180.43853123798598,0.0,0.0,0.0
24,198.26909583678508,198.26909583678508,198.26909583678508,1.8500000000000003,198.26909583678508,0.0,0.0,0.0
25,216.09966043331826,216.09966043331826,216.09966043331826,1.9266666666666667,216.09966043331826,0.0,0.0,0.0
26,233.9302250283807,233.9302250283807,233.9302250283807,2.0033333333333334,233.9302250283807,0.0,0.0,0.0
27,251.7607896225183,251.7607896225183,251.7607896225183,2.08,251.7607896225183,0.0,0.0,0.0
28,269.59135421598296,269.59135421598296,269.59135421598296,2.1566666666666667,269.59135421598296,0.0,0.0,0.0
29,287.4219188095541,287.4219188095541,287.4219188095541,2.2333333333333334,287.4219188095541,0.0,0.0,0.0
30,305.25248340324134,305.25248340324134,305.25248340324134,2.31,305.25248340324134,0.0,0.0,0.0
31,323.08304799730837,323.08304799730837,323.08304799730837,2.3866666666666667,323.08304799730837,0.0,0.0,0.0
32,340.9136125916462,340.9136125916462,340.9136125916462,2.4633333333333334,340.9136125916462,0.0,0.0,0.0
33,358.7441771864335,358.7441771864335,358.7441771864335,2.54,358.7441771864335,0.0,0.0,0.0
34,376.5747417819376,376.5747417819376,376.5747417819376,2.6166666666666667,376.5747417819376,0.0,0.0,0.0
35,394.4053063780817,394.4053063780817,394.4053063780817,2.6933333333333334,394.4053063780817,0.0,0.0,0.0
36,412.23587097454225,412.23587097454225,412.23587097454225,2.77,412.23587097454225,0.0,0.0,0.0
37,430.06643557152654,430.06643557152654,430.06643557152654,2.8466666666666667,430.06643557152654,0.0,0.0,0.0
38,447.89700016877896,447.89700016877896,447.89700016877896,2.9233333333333333,447.89700016877896,0.0,0.0,0.0
39,465.7275647665409,465.7275647665409,465.7275647665409,3.0,465.7275647665409,0.0,0.0,0.0
