,Opt_val,Eval_val,Loss_val,Eps,Test_val,Violations,Violation_val,Violation_train
0,-35311.55309263412,-29623.616890843212,-28876.228257147734,0.01,-35311.55309263412,0.25777778029441833,4.520489868408848,5.02304521796644
1,-35256.07866713139,-31504.91093499146,-30927.738206773807,0.08666666666666667,-35256.07866713139,0.2368253767490387,3.1296392469096133,3.5589461221005205
2,-35200.604207621305,-32825.85392107109,-32428.636102741522,0.16333333333333336,-35200.604207621305,0.1517459601163864,2.044752187459822,2.3675323163984414
3,-35145.129781482545,-33597.53538093155,-33320.676347462664,0.24000000000000005,-35145.129781482545,0.1257142573595047,1.3434211657578994,1.5828536173993084
4,-35089.65531588288,-34278.176164040175,-34108.30263139518,0.3166666666666667,-35089.65531588288,0.10793647915124893,0.6809824693635589,0.8374153097136305
5,-35034.180884186055,-34838.477411134634,-34766.91964072772,0.39333333333333337,-35034.180884186055,0.06476191431283951,0.09382506376524434,0.16378218974751146
6,-34978.70642555704,-34864.66434392044,-34854.433724490125,0.4700000000000001,-34978.70642555704,0.011428571306169033,0.013399112197231026,0.023509963998051907
7,-34923.23202024118,-34817.77271046932,-34812.38165823337,0.5466666666666667,-34923.23202024118,0.004444444552063942,0.004909013213444892,0.010242687988522894
8,-34867.757537433456,-34765.283058606736,-34762.128830825,0.6233333333333334,-34867.757537433456,0.0019047620007768273,0.0019547388823882863,0.005076649984088089
9,-34812.283095258,-34710.77389906401,-34709.44159009839,0.7000000000000001,-34812.283095258,0.0012698413338512182,0.0009991532410542686,0.002318054441012503
10,-34756.80865180966,-34656.10825813821,-34655.178883154535,0.7766666666666667,-34756.80865180966,0.0006349206669256091,0.00019840613678774198,0.001118519401645289
11,-34701.33420443484,-34600.83420292982,-34600.30468377525,0.8533333333333334,-34701.33420443484,0.0,0.0,0.0005242627840793729
12,-34645.85977117658,-34545.359769671566,-34545.12166163868,0.9300000000000003,-34645.85977117658,0.0,0.0,0.00023574777623440538
13,-34590.38533674297,-34489.88533523795,-34489.84867708063,1.0066666666666668,-34590.38533674297,0.0,0.0,3.629514005517249e-05
14,-34534.910892593565,-34434.41089108855,-34434.41089108855,1.0833333333333335,-34534.910892593565,0.0,0.0,0.0
15,-34479.43643930469,-34378.936437799675,-34378.936437799675,1.1600000000000001,-34479.43643930469,0.0,0.0,0.0
16,-34423.961986657276,-34323.46198515226,-34323.46198515226,1.2366666666666668,-34423.961986657276,0.0,0.0,0.0
17,-34368.48754091375,-34267.987539408736,-34267.987539408736,1.3133333333333335,-34368.48754091375,0.0,0.0,0.0
18,-34313.013097492396,-34212.51309598738,-34212.51309598738,1.3900000000000001,-34313.013097492396,0.0,0.0,0.0
19,-34257.53865069145,-34157.038649186434,-34157.038649186434,1.4666666666666668,-34257.53865069145,0.0,0.0,0.0
20,-34202.064234702775,-34101.56423319776,-34101.56423319776,1.5433333333333334,-34202.064234702775,0.0,0.0,0.0
21,-34146.5897972829,-34046.08979577788,-34046.08979577788,1.62,-34146.5897972829,0.0,0.0,0.0
22,-34091.11536210805,-33990.615360603035,-33990.615360603035,1.6966666666666665,-34091.11536210805,0.0,0.0,0.0
23,-34035.64087221582,-33935.140870710806,-33935.140870710806,1.7733333333333332,-34035.64087221582,0.0,0.0,0.0
24,-33980.1664359973,-33879.66643449228,-33879.66643449228,1.8500000000000003,-33980.1664359973,0.0,0.0,0.0
25,-33924.69200234225,-33824.19200083723,-33824.19200083723,1.9266666666666667,-33924.69200234225,0.0,0.0,0.0
26,-33869.21760955786,-33768.717608052844,-33768.717608052844,2.0033333333333334,-33869.21760955786,0.0,0.0,0.0
27,-33813.74310475849,-33713.24310325347,-33713.24310325347,2.08,-33813.74310475849,0.0,0.0,0.0
28,-33758.26865205245,-33657.768650547434,-33657.768650547434,2.1566666666666667,-33758.26865205245,0.0,0.0,0.0
29,-33702.794212374916,-33602.2942108699,-33602.2942108699,2.2333333333333334,-33702.794212374916,0.0,0.0,0.0
30,-33647.31976104516,-33546.81975954014,-33546.81975954014,2.31,-33647.31976104516,0.0,0.0,0.0
31,-33591.84533002809,-33491.34532852307,-33491.34532852307,2.3866666666666667,-33591.84533002809,0.0,0.0,0.0
32,-33536.37089061061,-33435.870889105594,-33435.870889105594,2.4633333333333334,-33536.37089061061,0.0,0.0,0.0
33,-33480.8964456388,-33380.39644413378,-33380.39644413378,2.54,-33480.8964456388,0.0,0.0,0.0
34,-33425.42198448942,-33324.9219829844,-33324.9219829844,2.6166666666666667,-33425.42198448942,0.0,0.0,0.0
35,-33369.947537133165,-33269.44753562815,-33269.44753562815,2.6933333333333334,-33369.947537133165,0.0,0.0,0.0
36,-33314.4731705384,-33213.97316903338,-33213.97316903338,2.77,-33314.4731705384,0.0,0.0,0.0
37,-33258.998741946496,-33158.49874044148,-33158.49874044148,2.8466666666666667,-33258.998741946496,0.0,0.0,0.0
38,-33203.52431057582,-33103.0243090708,-33103.0243090708,2.9233333333333333,-33203.52431057582,0.0,0.0,0.0
39,-33148.04974975223,-33047.54974824721,-33047.54974824721,3.0,-33148.04974975223,0.0,0.0,0.0
